[MTBHEADER]
Metabolism file *.mtb
Version 1.7
Release 2.2.01

[Format Settings]
LCID=1046
DecimalSeparator=,
DateSeparator=/
TimeSeparator=:
ShortDateFormat=d/M/yyyy
LongDateFormat=dddd, d' de 'MMMM' de 'yyyy
ShortTimeFormat=hh:mm
LongTimeFormat=hh:mm:ss
TimeAMString=
TimePMString=

[CONVERSION SETTINGS]
Number of cages=1
MetabolicCageType=0
Cycling time=2
Time unit=min
Oxygen concentration=1
Carbon dioxyde concentration=1
Flow rate=1
Cage=1
Activity=0
Rearing=0
Food=0
Drink=0
Treadmill=1

[EXPERIMENT HEADER]

[ANIMALS DATA]
Name1=13
Code1=
Genotype1=
Group1=SHAM
Gender1=Female
Age1=
Weight1=270
Remarks1=

[Intake Channels]

[DATASECTION]
<BEGIN DATA>
57057	20,57	0,05	0	0	0	0	0	0	
57058	20,57	0,05	0	0	0	0	0	0	
57059	20,57	0,05	0	0	0	0	0	0	
57060	20,57	0,05	0	0	0	0	0	0	
57061	20,57	0,05	0	0	0	0	0	0	
57062	20,57	0,05	0	0	0	0	0	0	
57063	20,57	0,05	0	0	0	0	0	0	
57064	20,57	0,05	0	0	0	0	0	0	
57065	20,57	0,05	0	0	0	0	0	0	
57066	20,57	0,05	0	0	0	0	0	0	
57067	20,57	0,05	0	0	0	0	0	0	
57068	20,57	0,05	0	0	0	0	0	0	
57069	20,57	0,05	0	0	0	0	0	0	
57070	20,57	0,05	0	0	0	0	0	0	
57071	20,56	0,06	0	0	0	0	0	0	
57072	20,56	0,05	0	0	0	0	0	0	
57073	20,56	0,05	0	0	0	0	0	0	
57074	20,56	0,05	0	0	0	0	0	0	
57075	20,57	0,05	0	0	0	0	0	0	
57076	20,57	0,05	0	0	0	0	0	0	
57077	20,57	0,05	0	0	0	0	0	0	
57078	20,57	0,05	0	0	0	0	0	0	
57079	20,56	0,05	0	0	0	0	0	0	
57080	20,56	0,06	0	0	0	0	0	0	
57081	20,56	0,06	0	0	0	0	0	0	
57082	20,56	0,05	0	0	0	0	0	0	
57083	20,56	0,06	0	0	0	0	0	0	
57084	20,56	0,06	0	0	0	0	0	0	
57085	20,57	0,05	0	0	0	0	0	0	
57086	20,57	0,05	0	0	0	0	0	0	
57087	20,56	0,05	0	0	0	0	0	0	
57088	20,56	0,05	0	0	0	0	0	0	
57089	20,56	0,05	0	0	0	0	0	0	
57090	20,56	0,05	0	0	0	0	0	0	
57091	20,56	0,05	0	0	0	0	0	0	
57092	20,56	0,05	0	0	0	0	0	0	
57093	20,56	0,05	0	0	0	0	0	0	
57094	20,56	0,05	0	0	0	0	0	0	
57095	20,56	0,05	0	0	0	0	0	0	
57096	20,56	0,05	0	0	0	0	0	0	
57097	20,56	0,05	0	0	0	0	0	0	
57098	20,56	0,05	0	0	0	0	0	0	
57099	20,56	0,05	0	0	0	0	0	0	
57100	20,56	0,05	0	0	0	0	0	0	
57101	20,56	0,05	0	0	0	0	0	0	
57102	20,56	0,05	0	0	0	0	0	0	
57103	20,56	0,05	0	0	0	0	0	0	
57104	20,56	0,05	0	0	0	0	0	0	
57105	20,56	0,05	0	0	0	0	0	0	
57106	20,56	0,05	0	0	0	0	0	0	
57107	20,56	0,05	0	0	0	0	0	0	
57108	20,56	0,05	0	0	0	0	0	0	
57109	20,56	0,05	0	0	0	0	0	0	
57110	20,55	0,05	0	0	0	0	0	0	
57111	20,55	0,05	0	0	0	0	0	0	
57112	20,55	0,05	0	0	0	0	0	0	
57113	20,55	0,06	0	0	0	0	0	0	
57114	20,56	0,05	0	0	0	0	0	0	
57115	20,56	0,05	0	0	0	0	0	0	
57116	20,56	0,05	0	0	0	0	0	0	
57117	20,56	0,05	0	0	0	0	0	0	
57118	20,55	0,05	0	0	0	0	0	0	
57119	20,55	0,05	0	0	0	0	0	0	
57120	20,56	0,05	0	0	0	0	0	0	
57121	20,55	0,05	0	0	0	0	0	0	
57122	20,55	0,05	0	0	0	0	0	0	
57123	20,55	0,05	0	0	0	0	0	0	
57124	20,55	0,05	0	0	0	0	0	0	
57125	20,55	0,05	0	0	0	0	0	0	
57126	20,56	0,05	0	0	0	0	0	0	
57127	20,56	0,05	0	0	0	0	0	0	
57128	20,56	0,05	0	0	0	0	0	0	
57129	20,56	0,05	0	0	0	0	0	0	
57130	20,56	0,05	0	0	0	0	0	0	
57131	20,56	0,05	0	0	0	0	0	0	
57132	20,56	0,05	0	0	0	0	0	0	
57133	20,56	0,05	0	0	0	0	0	0	
57134	20,56	0,05	0	0	0	0	0	0	
57135	20,56	0,05	0	0	0	0	0	0	
57136	20,56	0,05	0	0	0	0	0	0	
57137	20,56	0,05	0	0	0	0	0	0	
57138	20,56	0,05	0	0	0	0	0	0	
57139	20,56	0,05	0	0	0	0	0	0	
57140	20,55	0,05	0	0	0	0	0	0	
57141	20,55	0,05	0	0	0	0	0	0	
57142	20,55	0,05	0	0	0	0	0	0	
57143	20,55	0,05	0	0	0	0	0	0	
57144	20,55	0,05	0	0	0	0	0	0	
57145	20,56	0,05	0	0	0	0	0	0	
57146	20,56	0,05	0	0	0	0	0	0	
57147	20,56	0,05	0	0	0	0	0	0	
57148	20,56	0,05	0	0	0	0	0	0	
57149	20,56	0,05	0	0	0	0	0	0	
57150	20,56	0,05	0	0	0	0	0	0	
57151	20,56	0,05	0	0	0	0	0	0	
57152	20,56	0,05	0	0	0	0	0	0	
57153	20,55	0,05	0	0	0	0	0	0	
57154	20,55	0,05	0	0	0	0	0	0	
57155	20,55	0,05	0	0	0	0	0	0	
57156	20,56	0,05	0	0	0	0	0	0	
57157	20,56	0,05	0	0	0	0	0	0	
57158	20,56	0,05	0	0	0	0	0	0	
57159	20,56	0,05	0	0	0	0	0	0	
57160	20,55	0,05	0	0	0	0	0	0	
57161	20,56	0,05	0	0	0	0	0	0	
57162	20,56	0,05	0	0	0	0	0	0	
57163	20,55	0,06	0	0	0	0	0	0	
57164	20,55	0,05	0	0	0	0	0	0	
57165	20,55	0,05	0	0	0	0	0	0	
57166	20,55	0,05	0	0	0	0	0	0	
57167	20,55	0,05	0	0	0	0	0	0	
57168	20,55	0,05	0	0	0	0	0	0	
57169	20,55	0,05	0	0	0	0	0	0	
57170	20,55	0,05	0	0	0	0	0	0	
57171	20,56	0,05	0	0	0	0	0	0	
57172	20,55	0,05	0	0	0	0	0	0	
57173	20,55	0,05	0	0	0	0	0	0	
57174	20,55	0,05	0	0	0	0	0	0	
57175	20,55	0,05	0	0	0	0	0	0	
57176	20,55	0,05	0	0	0	0	0	0	
57177	20,55	0,05	0	0	0	0	0	0	
57178	20,55	0,05	830	1	0	0	0	0	
57179	20,55	0,05	830	1	0	0	0	0	
57180	20,55	0,05	830	1	0	0	0	0	
57181	20,55	0,05	830	1	0	0	0	0	
57182	20,54	0,05	830	1	0	0	0	0	
57183	20,53	0,07	830	1	0	0	0	0	
57184	20,51	0,1	830	1	0	0	0	0	
57185	20,49	0,13	830	1	0	0	0	0	
57186	20,46	0,16	830	1	0	0	0	0	
57187	20,45	0,19	830	1	0	0	0	0	
57188	20,43	0,21	830	1	0	0	0	0	
57189	20,38	0,23	830	1	0	0	0	0	
57190	20,3	0,27	830	1	0	0	0	0	
57191	20,19	0,36	830	1	0	0	0	0	
57192	20,08	0,46	830	1	0	0	0	0	
57193	20	0,54	830	1	0	0	0	0	
57194	19,94	0,61	830	1	0	0	0	0	
57195	19,88	0,66	830	1	0	0	0	0	
57196	19,84	0,7	830	1	0	0	0	0	
57197	19,8	0,74	830	1	0	0	0	0	
57198	19,78	0,77	830	1	0	0	0	0	
57199	19,75	0,79	830	1	0	0	0	0	
57200	19,74	0,81	830	1	0	0	0	0	
57201	19,72	0,82	830	1	0	0	0	0	
57202	19,71	0,83	830	1	0	0	0	0	
57203	19,69	0,85	830	1	0	0	0	0	
57204	19,68	0,86	830	1	0	0	0	0	
57205	19,67	0,87	830	1	0	0	0	0	
57206	19,67	0,88	830	1	0	0	0	0	
57207	19,66	0,88	830	1	0	0	0	0	
57208	19,65	0,89	830	1	0	0	0	0	
57209	19,63	0,91	830	1	0	0	0	0	
57210	19,62	0,92	830	1	0	0	0	0	
57211	19,62	0,92	830	1	0	0	0	0	
57212	19,62	0,92	830	1	0	0	0	0	
57213	19,62	0,92	830	1	0	0	0	0	
57214	19,62	0,92	830	1	0	0	0	0	
57215	19,62	0,93	850	1	0	0	0	0	
57216	19,62	0,93	850	1	0	0	0	0	
57217	19,61	0,93	850	1	0	0	0	0	
57218	19,6	0,93	850	1	0	0	0	0	
57219	19,6	0,94	850	1	0	0	0	0	
57220	19,59	0,94	850	1	0	0	0	0	
57221	19,59	0,94	850	1	0	0	0	0	
57222	19,58	0,95	850	1	0	0	0	0	
57223	19,57	0,96	850	1	0	0	0	0	
57224	19,56	0,96	850	1	0	0	0	0	
57225	19,56	0,97	850	1	0	0	0	0	
57226	19,56	0,97	850	1	0	0	0	0	
57227	19,56	0,97	850	1	0	0	0	0	
57228	19,55	0,97	850	1	0	0	0	0	
57229	19,55	0,98	850	1	0	0	0	0	
57230	19,54	0,98	850	1	0	0	0	0	
57231	19,54	0,99	850	1	0	0	0	0	
57232	19,55	0,98	850	1	0	0	0	0	
57233	19,56	0,98	850	1	0	0	0	0	
57234	19,58	0,97	850	1	0	0	0	0	
57235	19,59	0,96	840	1	0	0	0	0	
57236	19,59	0,95	840	1	0	0	0	0	
57237	19,6	0,94	840	1	0	0	0	0	
57238	19,61	0,94	840	1	0	0	0	0	
57239	19,61	0,93	840	1	0	0	0	0	
57240	19,61	0,93	840	1	0	0	0	0	
57241	19,61	0,93	840	1	0	0	0	0	
57242	19,62	0,93	840	1	0	0	0	0	
57243	19,62	0,93	840	1	0	0	0	0	
57244	19,62	0,92	840	1	0	0	0	0	
57245	19,62	0,92	840	1	0	0	0	0	
57246	19,62	0,93	840	1	0	0	0	0	
57247	19,62	0,93	840	1	0	0	0	0	
57248	19,61	0,93	840	1	0	0	0	0	
57249	19,58	0,94	840	1	0	0	0	0	
57250	19,57	0,96	840	1	0	0	0	0	
57251	19,57	0,97	840	1	0	0	0	0	
57252	19,56	0,97	840	1	0	0	0	0	
57253	19,56	0,98	830	1	0	0	0	0	
57254	19,57	0,98	830	1	0	0	0	0	
57255	19,57	0,97	830	1	0	0	0	0	
57256	19,58	0,96	830	1	0	0	0	0	
57257	19,59	0,95	830	1	0	0	0	0	
57258	19,6	0,95	830	1	0	0	0	0	
57259	19,61	0,94	830	1	0	0	0	0	
57260	19,62	0,93	830	1	0	0	0	0	
57261	19,63	0,92	830	1	0	0	0	0	
57262	19,64	0,92	830	1	0	0	0	0	
57263	19,64	0,91	830	1	0	0	0	0	
57264	19,65	0,91	830	1	0	0	0	0	
57265	19,65	0,9	830	1	0	0	0	0	
57266	19,66	0,9	830	1	0	0	0	0	
57267	19,66	0,9	830	1	0	0	0	0	
57268	19,66	0,9	830	1	0	0	0	0	
57269	19,65	0,89	830	1	0	0	0	0	
57270	19,66	0,9	830	1	0	0	0	0	
57271	19,66	0,89	830	1	0	0	0	0	
57272	19,65	0,9	830	1	0	0	0	0	
57273	19,65	0,9	830	1	0	0	0	0	
57274	19,64	0,9	830	1	0	0	0	0	
57275	19,64	0,9	830	1	0	0	0	0	
57276	19,65	0,9	830	1	0	0	0	0	
57277	19,64	0,9	830	1	0	0	0	0	
57278	19,64	0,9	830	1	0	0	0	0	
57279	19,65	0,9	830	1	0	0	0	0	
57280	19,65	0,9	830	1	0	0	0	0	
57281	19,65	0,9	830	1	0	0	0	0	
57282	19,66	0,9	830	1	0	0	0	0	
57283	19,66	0,9	830	1	0	0	0	0	
57284	19,65	0,89	830	1	0	0	0	0	
57285	19,65	0,9	830	1	0	0	0	0	
57286	19,65	0,9	830	1	0	0	0	0	
57287	19,65	0,9	830	1	0	0	0	0	
57288	19,65	0,9	830	1	0	0	0	0	
57289	19,64	0,9	830	1	0	0	0	0	
57290	19,64	0,91	830	1	0	0	0	0	
57291	19,64	0,91	830	1	0	0	0	0	
57292	19,63	0,91	830	1	0	0	0	0	
57293	19,63	0,91	830	1	0	0	0	0	
57294	19,63	0,91	830	1	0	0	0	0	
57295	19,64	0,91	830	1	0	0	0	0	
57296	19,64	0,91	830	1	0	0	0	0	
57297	19,63	0,91	830	1	0	0	0	0	
57298	19,62	0,91	830	1	0	0	0	0	
57299	19,61	0,92	830	1	0	0	0	0	
57300	19,6	0,93	830	1	0	0	0	0	
57301	19,59	0,94	830	1	0	0	0	0	
57302	19,59	0,94	830	1	0	0	0	0	
57303	19,59	0,94	830	1	0	0	0	0	
57304	19,6	0,94	830	1	0	0	0	0	
57305	19,6	0,94	830	1	0	0	0	0	
57306	19,59	0,94	830	1	0	0	0	0	
57307	19,59	0,94	830	1	0	0	0	0	
57308	19,59	0,94	820	1	0	0	0	0	
57309	19,6	0,94	820	1	0	0	0	0	
57310	19,6	0,93	820	1	0	0	0	0	
57311	19,6	0,93	820	1	0	0	0	0	
57312	19,61	0,93	820	1	0	0	0	0	
57313	19,6	0,93	820	1	0	0	0	0	
57314	19,6	0,93	820	1	0	0	0	0	
57315	19,58	0,94	820	1	0	0	0	0	
57316	19,57	0,96	820	1	0	0	0	0	
57317	19,57	0,96	820	1	0	0	0	0	
57318	19,56	0,97	820	1	0	0	0	0	
57319	19,57	0,97	820	1	0	0	0	0	
57320	19,57	0,97	820	1	0	0	0	0	
57321	19,57	0,96	820	1	0	0	0	0	
57322	19,58	0,96	820	1	0	0	0	0	
57323	19,59	0,95	820	1	0	0	0	0	
57324	19,6	0,94	820	1	0	0	0	0	
57325	19,61	0,94	820	1	0	0	0	0	
57326	19,61	0,94	820	1	0	0	0	0	
57327	19,61	0,93	820	1	0	0	0	0	
57328	19,61	0,93	820	1	0	0	0	0	
57329	19,61	0,93	820	1	0	0	0	0	
57330	19,61	0,93	820	1	0	0	0	0	
57331	19,61	0,93	820	1	0	0	0	0	
57332	19,6	0,93	820	1	0	0	0	0	
57333	19,6	0,93	820	1	0	0	0	0	
57334	19,61	0,93	820	1	0	0	0	0	
57335	19,61	0,93	820	1	0	0	0	0	
57336	19,61	0,93	820	1	0	0	0	0	
57337	19,61	0,93	820	1	0	0	0	0	
57338	19,62	0,92	820	1	0	0	0	0	
57339	19,62	0,92	820	1	0	0	0	0	
57340	19,63	0,92	820	1	0	0	0	0	
57341	19,63	0,92	820	1	0	0	0	0	
57342	19,63	0,91	820	1	0	0	0	0	
57343	19,64	0,91	820	1	0	0	0	0	
57344	19,63	0,91	820	1	0	0	0	0	
57345	19,64	0,91	820	1	0	0	0	0	
57346	19,64	0,91	820	1	0	0	0	0	
57347	19,63	0,91	820	1	0	0	0	0	
57348	19,63	0,91	820	1	0	0	0	0	
57349	19,63	0,91	820	1	0	0	0	0	
57350	19,63	0,92	820	1	0	0	0	0	
57351	19,62	0,92	820	1	0	0	0	0	
57352	19,62	0,92	820	1	0	0	0	0	
57353	19,62	0,92	820	1	0	0	0	0	
57354	19,62	0,92	820	1	0	0	0	0	
57355	19,62	0,92	820	1	0	0	0	0	
57356	19,62	0,93	820	1	0	0	0	0	
57357	19,62	0,93	820	1	0	0	0	0	
57358	19,62	0,93	820	1	0	0	0	0	
57359	19,61	0,93	820	1	0	0	0	0	
57360	19,61	0,93	820	1	0	0	0	0	
57361	19,61	0,93	820	1	0	0	0	0	
57362	19,61	0,93	820	1	0	0	0	0	
57363	19,61	0,93	820	1	0	0	0	0	
57364	19,6	0,93	820	1	0	0	0	0	
57365	19,6	0,93	820	1	0	0	0	0	
57366	19,6	0,93	820	1	0	0	0	0	
57367	19,59	0,94	820	1	0	0	0	0	
57368	19,6	0,93	820	1	0	0	0	0	
57369	19,6	0,93	820	1	0	0	0	0	
57370	19,6	0,93	820	1	0	0	0	0	
57371	19,6	0,93	820	1	0	0	0	0	
57372	19,6	0,93	820	1	0	0	0	0	
57373	19,59	0,94	820	1	0	0	0	0	
57374	19,58	0,94	820	1	0	0	0	0	
57375	19,58	0,95	820	1	0	0	0	0	
57376	19,58	0,95	820	1	0	0	0	0	
57377	19,58	0,95	820	1	0	0	0	0	
57378	19,58	0,95	820	1	0	0	0	0	
57379	19,58	0,94	820	1	0	0	0	0	
57380	19,57	0,94	820	1	0	0	0	0	
57381	19,57	0,94	820	1	0	0	0	0	
57382	19,57	0,95	820	1	0	0	0	0	
57383	19,56	0,95	820	1	0	0	0	0	
57384	19,55	0,96	820	1	0	0	0	0	
57385	19,53	0,97	820	1	0	0	0	0	
57386	19,54	0,98	820	1	0	0	0	0	
57387	19,54	0,97	820	1	0	0	0	0	
57388	19,53	0,97	820	1	0	0	0	0	
57389	19,51	0,99	820	1	0	0	0	0	
57390	19,5	1,01	820	1	0	0	0	0	
57391	19,51	1,01	820	1	0	0	0	0	
57392	19,52	1,01	820	1	0	0	0	0	
57393	19,54	1	820	1	0	0	0	0	
57394	19,55	0,98	820	1	0	0	0	0	
57395	19,56	0,98	820	1	0	0	0	0	
57396	19,56	0,97	820	1	0	0	0	0	
57397	19,57	0,96	820	1	0	0	0	0	
57398	19,58	0,96	820	1	0	0	0	0	
57399	19,59	0,95	820	1	0	0	0	0	
57400	19,58	0,94	820	1	0	0	0	0	
57401	19,59	0,94	820	1	0	0	0	0	
57402	19,6	0,94	820	1	0	0	0	0	
57403	19,61	0,94	820	1	0	0	0	0	
57404	19,62	0,93	820	1	0	0	0	0	
57405	19,63	0,92	820	1	0	0	0	0	
57406	19,63	0,92	820	1	0	0	0	0	
57407	19,63	0,91	820	1	0	0	0	0	
57408	19,63	0,92	820	1	0	0	0	0	
57409	19,63	0,92	820	1	0	0	0	0	
57410	19,64	0,91	820	1	0	0	0	0	
57411	19,64	0,91	820	1	0	0	0	0	
57412	19,64	0,91	820	1	0	0	0	0	
57413	19,64	0,91	820	1	0	0	0	0	
57414	19,64	0,91	820	1	0	0	0	0	
57415	19,64	0,91	820	1	0	0	0	0	
57416	19,63	0,91	820	1	0	0	0	0	
57417	19,63	0,91	820	1	0	0	0	0	
57418	19,63	0,91	820	1	0	0	0	0	
57419	19,63	0,91	820	1	0	0	0	0	
57420	19,62	0,92	820	1	0	0	0	0	
57421	19,62	0,92	820	1	0	0	0	0	
57422	19,62	0,91	820	1	0	0	0	0	
57423	19,63	0,91	820	1	0	0	0	0	
57424	19,63	0,91	820	1	0	0	0	0	
57425	19,63	0,91	820	1	0	0	0	0	
57426	19,63	0,91	820	1	0	0	0	0	
57427	19,63	0,91	820	1	0	0	0	0	
57428	19,63	0,91	820	1	0	0	0	0	
57429	19,64	0,91	820	1	0	0	0	0	
57430	19,64	0,9	820	1	0	0	0	0	
57431	19,64	0,9	820	1	0	0	0	0	
57432	19,64	0,9	820	1	0	0	0	0	
57433	19,63	0,91	820	1	0	0	0	0	
57434	19,63	0,91	820	1	0	0	0	0	
57435	19,63	0,91	820	1	0	0	0	0	
57436	19,63	0,91	820	1	0	0	0	0	
57437	19,63	0,91	820	1	0	0	0	0	
57438	19,62	0,91	820	1	0	0	0	0	
57439	19,62	0,91	820	1	0	0	0	0	
57440	19,62	0,92	820	1	0	0	0	0	
57441	19,62	0,91	820	1	0	0	0	0	
57442	19,62	0,92	820	1	0	0	0	0	
57443	19,63	0,91	820	1	0	0	0	0	
57444	19,62	0,91	820	1	0	0	0	0	
57445	19,62	0,91	820	1	0	0	0	0	
57446	19,61	0,92	820	1	0	0	0	0	
57447	19,61	0,92	820	1	0	0	0	0	
57448	19,61	0,92	820	1	0	0	0	0	
57449	19,61	0,92	820	1	0	0	0	0	
57450	19,62	0,92	820	1	0	0	0	0	
57451	19,61	0,92	820	1	0	0	0	0	
57452	19,61	0,91	820	1	0	0	0	0	
57453	19,61	0,92	820	1	0	0	0	0	
57454	19,61	0,92	820	1	0	0	0	0	
57455	19,6	0,92	820	1	0	0	0	0	
57456	19,6	0,93	820	1	0	0	0	0	
57457	19,6	0,93	820	1	0	0	0	0	
57458	19,6	0,93	820	1	0	0	0	0	
57459	19,6	0,93	820	1	0	0	0	0	
57460	19,61	0,93	820	1	0	0	0	0	
57461	19,61	0,92	820	1	0	0	0	0	
57462	19,62	0,92	820	1	0	0	0	0	
57463	19,63	0,91	820	1	0	0	0	0	
57464	19,63	0,91	820	1	0	0	0	0	
57465	19,64	0,9	820	1	0	0	0	0	
57466	19,64	0,9	820	1	0	0	0	0	
57467	19,65	0,9	820	1	0	0	0	0	
57468	19,65	0,89	820	1	0	0	0	0	
57469	19,65	0,89	810	1	0	0	0	0	
57470	19,65	0,89	810	1	0	0	0	0	
57471	19,65	0,89	810	1	0	0	0	0	
57472	19,65	0,89	810	1	0	0	0	0	
57473	19,64	0,89	810	1	0	0	0	0	
57474	19,64	0,89	810	1	0	0	0	0	
57475	19,64	0,9	810	1	0	0	0	0	
57476	19,64	0,9	810	1	0	0	0	0	
57477	19,64	0,9	810	1	0	0	0	0	
57478	19,64	0,9	810	1	0	0	0	0	
57479	19,63	0,9	810	1	0	0	0	0	
57480	19,63	0,9	810	1	0	0	0	0	
57481	19,63	0,9	810	1	0	0	0	0	
57482	19,63	0,9	810	1	0	0	0	0	
57483	19,63	0,91	810	1	0	0	0	0	
57484	19,63	0,9	810	1	0	0	0	0	
57485	19,63	0,9	810	1	0	0	0	0	
57486	19,63	0,91	810	1	0	0	0	0	
57487	19,62	0,91	810	1	0	0	0	0	
57488	19,62	0,91	810	1	0	0	0	0	
57489	19,62	0,91	810	1	0	0	0	0	
57490	19,62	0,91	810	1	0	0	0	0	
57491	19,62	0,91	810	1	0	0	0	0	
57492	19,61	0,92	810	1	0	0	0	0	
57493	19,61	0,92	810	1	0	0	0	0	
57494	19,61	0,92	810	1	0	0	0	0	
57495	19,62	0,92	810	1	0	0	0	0	
57496	19,61	0,92	810	1	0	0	0	0	
57497	19,61	0,92	810	1	0	0	0	0	
57498	19,61	0,92	810	1	0	0	0	0	
57499	19,62	0,92	810	1	0	0	0	0	
57500	19,62	0,92	810	1	0	0	0	0	
57501	19,61	0,91	810	1	0	0	0	0	
57502	19,61	0,91	810	1	0	0	0	0	
57503	19,62	0,91	810	1	0	0	0	0	
57504	19,62	0,92	810	1	0	0	0	0	
57505	19,62	0,92	810	1	0	0	0	0	
57506	19,61	0,91	810	1	0	0	0	0	
57507	19,62	0,91	810	1	0	0	0	0	
57508	19,62	0,91	810	1	0	0	0	0	
57509	19,62	0,91	810	1	0	0	0	0	
57510	19,61	0,91	810	1	0	0	0	0	
57511	19,61	0,91	810	1	0	0	0	0	
57512	19,61	0,91	810	1	0	0	0	0	
57513	19,61	0,91	810	1	0	0	0	0	
57514	19,61	0,92	810	1	0	0	0	0	
57515	19,62	0,92	810	1	0	0	0	0	
57516	19,61	0,92	810	1	0	0	0	0	
57517	19,61	0,92	810	1	0	0	0	0	
57518	19,61	0,92	810	1	0	0	0	0	
57519	19,61	0,92	810	1	0	0	0	0	
57520	19,61	0,92	810	1	0	0	0	0	
57521	19,61	0,92	810	1	0	0	0	0	
57522	19,62	0,92	810	1	0	0	0	0	
57523	19,62	0,91	810	1	0	0	0	0	
57524	19,61	0,92	820	1	0	0	0	0	
57525	19,61	0,92	820	1	0	0	0	0	
57526	19,61	0,92	820	1	0	0	0	0	
57527	19,61	0,92	820	1	0	0	0	0	
57528	19,61	0,92	820	1	0	0	0	0	
57529	19,61	0,92	820	1	0	0	0	0	
57530	19,61	0,92	820	1	0	0	0	0	
57531	19,61	0,92	820	1	0	0	0	0	
57532	19,61	0,92	820	1	0	0	0	0	
57533	19,61	0,92	820	1	0	0	0	0	
57534	19,61	0,92	820	1	0	0	0	0	
57535	19,6	0,92	820	1	0	0	0	0	
57536	19,6	0,92	820	1	0	0	0	0	
57537	19,59	0,92	820	1	0	0	0	0	
57538	19,58	0,94	820	1	0	0	0	0	
57539	19,58	0,94	820	1	0	0	0	0	
57540	19,58	0,95	820	1	0	0	0	0	
57541	19,57	0,95	820	1	25	15	0	0,6	
57542	19,57	0,95	820	1	25	40	0	1,6	
57543	19,57	0,96	820	1	25	40	0	1,6	
57544	19,57	0,96	820	1	25	90	0	3,6	
57545	19,58	0,95	820	1	25	115	0	4,6	
57546	19,58	0,95	820	1	25	140	0	5,6	
57547	19,59	0,95	820	1	25	165	0	6,6	
57548	19,59	0,94	820	1	25	190	0	7,6	
57549	19,6	0,94	820	1	25	215	0	8,6	
57550	19,6	0,94	820	1	25	240	0	9,6	
57551	19,61	0,93	810	1	25	265	0	10,6	
57552	19,62	0,93	810	1	25	290	0	11,6	
57553	19,62	0,93	810	1	25	315	0	12,6	
57554	19,62	0,92	810	1	25	340	1	13,2	
57555	19,62	0,92	810	1	25	365	1	14,2	
57556	19,62	0,92	810	1	25	390	1	15,2	
57557	19,63	0,92	810	1	25	415	1	16,2	
57558	19,63	0,92	820	1	25	440	1	17,2	
57559	19,63	0,92	820	1	25	465	1	18,2	
57560	19,63	0,92	820	1	25	490	1	19,2	
57561	19,63	0,91	820	1	25	515	1	20,2	
57562	19,64	0,91	820	1	25	540	1	21,2	
57563	19,64	0,91	820	1	25	565	1	22,2	
57564	19,64	0,9	820	1	25	590	1	23,2	
57565	19,65	0,9	820	1	25	615	1	24,2	
57566	19,65	0,9	820	1	25	615	1	24,2	
57567	19,65	0,89	820	1	25	665	1	26,2	
57568	19,66	0,89	820	1	25	690	1	27,2	
57569	19,65	0,89	820	1	25	715	1	28,2	
57570	19,66	0,89	820	1	25	740	1	29,2	
57571	19,66	0,89	820	1	25	765	1	30,2	
57572	19,66	0,89	820	1	25	790	1	31,2	
57573	19,66	0,89	820	1	25	815	1	32,2	
57574	19,65	0,9	820	1	25	840	1	33,2	
57575	19,65	0,9	820	1	25	865	1	34,2	
57576	19,64	0,9	820	1	25	890	1	35,2	
57577	19,64	0,91	820	1	25	915	1	36,2	
57578	19,63	0,91	820	1	25	940	1	37,2	
57579	19,63	0,92	820	1	25	965	1	38,2	
57580	19,63	0,92	820	1	25	990	1	39,2	
57581	19,63	0,92	820	1	25	1015	1	40,2	
57582	19,63	0,92	820	1	25	1015	1	40,2	
57583	19,63	0,93	820	1	25	1065	1	42,2	
57584	19,63	0,93	820	1	25	1090	1	43,2	
57585	19,63	0,93	820	1	25	1115	1	44,2	
57586	19,63	0,93	820	1	25	1140	1	45,2	
57587	19,62	0,94	820	1	25	1165	1	46,2	
57588	19,62	0,95	820	1	25	1190	1	47,2	
57589	19,6	0,95	820	1	25	1215	1	48,2	
57590	19,59	0,97	820	1	25	1240	1	49,2	
57591	19,58	0,98	820	1	25	1265	1	50,2	
57592	19,57	0,99	820	1	25	1265	1	50,2	
57593	19,56	1,01	820	1	25	1315	1	52,2	
57594	19,55	1,01	820	1	25	1340	1	53,2	
57595	19,54	1,02	820	1	25	1365	1	54,2	
57596	19,53	1,03	820	1	25	1390	1	55,2	
57597	19,52	1,04	820	1	25	1415	1	56,2	
57598	19,52	1,05	820	1	25	1440	1	57,2	
57599	19,52	1,05	820	1	25	1440	1	57,2	
57600	19,53	1,05	820	1	25	1490	1	59,2	
57601	19,53	1,05	820	1	25	1515	1	60,2	
57602	19,53	1,05	820	1	25	1540	1	61,2	
57603	19,53	1,04	820	1	25	1565	1	62,2	
57604	19,54	1,04	820	1	25	1590	1	63,2	
57605	19,54	1,04	820	1	25	1615	1	64,2	
57606	19,55	1,03	820	1	25	1640	1	65,2	
57607	19,55	1,03	820	1	25	1665	1	66,2	
57608	19,55	1,03	820	1	25	1690	1	67,2	
57609	19,56	1,03	820	1	25	1715	1	68,2	
57610	19,56	1,02	820	1	25	1740	1	69,2	
57611	19,56	1,02	820	1	25	1765	1	70,2	
57612	19,56	1,02	820	1	25	1790	1	71,2	
57613	19,56	1,02	820	1	25	1815	1	72,2	
57614	19,55	1,02	820	1	25	1840	1	73,2	
57615	19,54	1,02	820	1	25	1865	1	74,2	
57616	19,54	1,03	820	1	25	1890	1	75,2	
57617	19,53	1,04	820	1	25	1915	1	76,2	
57618	19,52	1,05	820	1	25	1940	1	77,2	
57619	19,51	1,05	820	1	25	1940	1	77,2	
57620	19,5	1,06	820	1	25	1990	1	79,2	
57621	19,5	1,07	820	1	25	2015	1	80,2	
57622	19,49	1,08	820	1	25	2040	1	81,2	
57623	19,48	1,09	820	1	25	2040	1	81,2	
57624	19,47	1,1	820	1	25	2090	1	83,2	
57625	19,47	1,11	820	1	25	2115	1	84,2	
57626	19,47	1,11	820	1	25	2115	1	84,2	
57627	19,47	1,1	820	1	25	2165	1	86,2	
57628	19,47	1,1	820	1	25	2190	1	87,2	
57629	19,46	1,11	820	1	25	2215	1	88,2	
57630	19,46	1,11	820	1	25	2215	1	88,2	
57631	19,45	1,12	820	1	25	2265	1	90,2	
57632	19,45	1,12	820	1	25	2290	1	91,2	
57633	19,44	1,13	820	1	25	2315	1	92,2	
57634	19,43	1,14	820	1	25	2315	1	92,2	
57635	19,42	1,14	820	1	25	2365	1	94,2	
57636	19,42	1,15	820	1	25	2390	1	95,2	
57637	19,41	1,15	820	1	25	2415	1	96,2	
57638	19,41	1,16	820	1	25	2415	1	96,2	
57639	19,41	1,15	820	1	25	2465	1	98,2	
57640	19,41	1,15	820	1	25	2490	1	99,2	
57641	19,41	1,16	820	1	25	2515	1	100,2	
57642	19,4	1,16	820	1	25	2540	1	101,2	
57643	19,39	1,17	820	1	25	2565	1	102,2	
57644	19,39	1,17	820	1	25	2565	1	102,2	
57645	19,39	1,18	820	1	25	2615	1	104,2	
57646	19,39	1,18	820	1	25	2640	1	105,2	
57647	19,39	1,18	820	1	25	2640	1	105,2	
57648	19,39	1,18	820	1	25	2690	1	107,2	
57649	19,38	1,18	820	1	25	2715	1	108,2	
57650	19,37	1,19	820	1	25	2740	1	109,2	
57651	19,37	1,19	820	1	25	2740	1	109,2	
57652	19,37	1,19	820	1	25	2790	1	111,2	
57653	19,37	1,2	820	1	25	2815	1	112,2	
57654	19,37	1,19	820	1	25	2815	1	112,2	
57655	19,37	1,19	820	1	25	2865	1	114,2	
57656	19,37	1,19	820	1	25	2890	1	115,2	
57657	19,36	1,2	820	1	25	2915	1	116,2	
57658	19,35	1,21	820	1	25	2940	1	117,2	
57659	19,35	1,21	820	1	25	2965	1	118,2	
57660	19,34	1,22	820	1	25	2990	1	119,2	
57661	19,34	1,22	810	1	25	3015	1	120,2	
57662	19,34	1,23	810	1	34	3048,1	1	121,2	
57663	19,35	1,22	810	1	34	3082,1	1	122,2	
57664	19,35	1,22	810	1	34	3116,1	1	123,2	
57665	19,36	1,21	810	1	34	3150,1	1	124,2	
57666	19,36	1,2	810	1	34	3184,1	1	125,2	
57667	19,37	1,2	810	1	34	3218,10000000001	1	126,2	
57668	19,38	1,19	810	1	34	3252,10000000001	1	127,2	
57669	19,39	1,19	810	1	34	3286,10000000001	1	128,2	
57670	19,39	1,18	810	1	34	3286,10000000001	1	128,2	
57671	19,4	1,17	810	1	34	3354,10000000001	1	130,2	
57672	19,4	1,17	810	1	34	3388,10000000001	1	131,2	
57673	19,4	1,17	810	1	34	3388,10000000001	1	131,2	
57674	19,41	1,16	810	1	34	3456,10000000001	1	133,2	
57675	19,42	1,16	810	1	34	3490,10000000001	1	134,2	
57676	19,42	1,15	810	1	34	3524,10000000001	1	135,2	
57677	19,41	1,15	810	1	34	3558,10000000001	1	136,2	
57678	19,4	1,17	810	1	34	3592,10000000002	1	137,2	
57679	19,39	1,18	810	1	34	3626,10000000002	1	138,2	
57680	19,39	1,19	810	1	34	3626,10000000002	1	138,2	
57681	19,39	1,19	810	1	34	3660,10000000002	1	139,2	
57682	19,4	1,18	810	1	34	3728,10000000002	1	141,2	
57683	19,41	1,17	810	1	34	3728,10000000002	1	141,2	
57684	19,4	1,17	810	1	34	3796,10000000002	1	143,2	
57685	19,4	1,18	810	1	34	3830,10000000002	1	144,2	
57686	19,4	1,18	810	1	34	3864,10000000002	1	145,2	
57687	19,39	1,18	810	1	34	3864,10000000002	1	145,2	
57688	19,39	1,18	810	1	34	3932,10000000002	1	147,2	
57689	19,38	1,19	810	1	34	3966,10000000003	1	148,2	
57690	19,38	1,19	810	1	34	4000,10000000003	1	149,2	
57691	19,38	1,19	810	1	34	4000,10000000003	1	149,2	
57692	19,38	1,19	810	1	34	4068,10000000003	1	151,2	
57693	19,38	1,19	810	1	34	4102,10000000003	1	152,2	
57694	19,38	1,19	810	1	34	4102,10000000003	1	152,2	
57695	19,38	1,2	810	1	34	4170,10000000002	1	154,2	
57696	19,37	1,2	810	1	34	4204,10000000002	1	155,2	
57697	19,37	1,2	810	1	34	4204,10000000002	1	155,2	
57698	19,37	1,21	810	1	34	4238,10000000001	1	156,2	
57699	19,37	1,21	810	1	34	4306,10000000001	1	158,2	
57700	19,37	1,21	810	1	34	4340,1	1	159,2	
57701	19,36	1,21	810	1	34	4340,1	1	159,2	
57702	19,36	1,22	810	1	34	4374,1	1	160,2	
57703	19,36	1,22	810	1	34	4442,09999999999	1	162,2	
57704	19,34	1,22	810	1	34	4476,09999999999	1	163,2	
57705	19,33	1,24	810	1	34	4476,09999999999	1	163,2	
57706	19,32	1,25	810	1	34	4544,09999999998	1	165,2	
57707	19,31	1,26	810	1	34	4578,09999999998	1	166,2	
57708	19,3	1,27	810	1	34	4612,09999999997	1	167,2	
57709	19,3	1,28	810	1	34	4612,09999999997	1	167,2	
57710	19,3	1,28	810	1	34	4646,09999999997	1	168,2	
57711	19,3	1,28	810	1	34	4714,09999999996	1	170,2	
57712	19,3	1,28	810	1	34	4748,09999999996	1	171,2	
57713	19,29	1,28	810	1	34	4748,09999999996	1	171,2	
57714	19,3	1,28	810	1	34	4816,09999999995	1	173,2	
57715	19,31	1,28	810	1	34	4850,09999999995	1	174,2	
57716	19,31	1,27	810	1	34	4884,09999999994	1	175,2	
57717	19,32	1,27	810	1	34	4884,09999999994	1	175,2	
57718	19,32	1,26	810	1	34	4952,09999999994	1	177,2	
57719	19,32	1,26	810	1	34	4986,09999999993	1	178,2	
57720	19,32	1,26	810	1	34	5020,09999999993	1	179,2	
57721	19,32	1,26	810	1	34	5020,09999999993	1	179,2	
57722	19,32	1,26	810	1	34	5088,09999999992	1	181,2	
57723	19,32	1,26	810	1	34	5122,09999999992	1	182,2	
57724	19,32	1,26	810	1	34	5122,09999999992	1	182,2	
57725	19,31	1,26	810	1	34	5156,09999999992	1	183,2	
57726	19,31	1,27	810	1	34	5224,09999999991	1	185,2	
57727	19,31	1,27	810	1	34	5258,0999999999	1	186,2	
57728	19,31	1,26	810	1	34	5258,0999999999	1	186,2	
57729	19,31	1,26	810	1	34	5326,0999999999	1	188,2	
57730	19,32	1,26	810	1	34	5360,09999999989	1	189,2	
57731	19,32	1,26	810	1	34	5394,09999999989	1	190,2	
57732	19,32	1,26	810	1	34	5428,09999999989	1	191,2	
57733	19,32	1,26	810	1	34	5428,09999999989	1	191,2	
57734	19,32	1,26	810	1	34	5496,09999999988	1	193,2	
57735	19,33	1,25	810	1	34	5530,09999999988	1	194,2	
57736	19,32	1,26	810	1	34	5530,09999999988	1	194,2	
57737	19,32	1,26	810	1	34	5564,09999999987	1	195,2	
57738	19,32	1,26	810	1	34	5632,09999999986	1	197,2	
57739	19,33	1,26	810	1	34	5666,09999999986	1	198,2	
57740	19,33	1,26	810	1	34	5700,09999999986	1	199,2	
57741	19,33	1,26	810	1	34	5700,09999999986	1	199,2	
57742	19,33	1,25	810	1	34	5768,09999999985	1	201,2	
57743	19,34	1,25	810	1	34	5802,09999999985	1	202,2	
57744	19,34	1,24	810	1	34	5802,09999999985	1	202,2	
57745	19,33	1,25	810	1	34	5870,09999999984	1	204,2	
57746	19,32	1,25	810	1	34	5904,09999999984	1	205,2	
57747	19,31	1,26	810	1	34	5904,09999999984	1	205,2	
57748	19,3	1,28	810	1	34	5972,09999999983	1	207,2	
57749	19,29	1,29	810	1	34	6006,09999999982	1	208,2	
57750	19,28	1,3	810	1	34	6040,09999999982	1	209,2	
57751	19,26	1,3	810	1	34	6040,09999999982	1	209,2	
57752	19,25	1,32	810	1	34	6108,09999999981	1	211,2	
57753	19,25	1,33	810	1	34	6142,09999999981	1	212,2	
57754	19,25	1,33	810	1	34	6142,09999999981	1	212,2	
57755	19,25	1,33	810	1	34	6210,0999999998	1	214,2	
57756	19,24	1,33	810	1	34	6244,0999999998	1	215,2	
57757	19,25	1,33	810	1	34	6244,0999999998	1	215,2	
57758	19,25	1,33	810	1	34	6312,09999999979	1	217,2	
57759	19,25	1,33	810	1	34	6346,09999999979	1	218,2	
57760	19,25	1,33	810	1	34	6380,09999999978	1	219,2	
57761	19,25	1,33	810	1	34	6380,09999999978	1	219,2	
57762	19,25	1,33	810	1	34	6448,09999999978	1	221,2	
57763	19,25	1,33	810	1	34	6482,09999999977	1	222,2	
57764	19,26	1,32	810	1	34	6482,09999999977	1	222,2	
57765	19,26	1,32	810	1	34	6516,09999999977	1	223,2	
57766	19,25	1,32	810	1	34	6584,09999999976	1	225,2	
57767	19,24	1,33	810	1	34	6618,09999999976	1	226,2	
57768	19,24	1,33	810	1	34	6618,09999999976	1	226,2	
57769	19,25	1,33	810	1	34	6652,09999999976	1	227,2	
57770	19,25	1,33	810	1	34	6720,09999999975	1	229,2	
57771	19,24	1,33	810	1	34	6754,09999999974	1	230,2	
57772	19,24	1,33	810	1	34	6754,09999999974	1	230,2	
57773	19,24	1,33	810	1	34	6822,09999999974	1	232,2	
57774	19,23	1,33	810	1	34	6856,09999999973	1	233,2	
57775	19,22	1,34	810	1	34	6856,09999999973	1	233,2	
57776	19,22	1,34	810	1	34	6890,09999999973	1	234,2	
57777	19,22	1,35	810	1	34	6958,09999999972	1	236,2	
57778	19,22	1,34	810	1	34	6992,09999999972	1	237,2	
57779	19,21	1,35	810	1	34	6992,09999999972	1	237,2	
57780	19,21	1,35	810	1	34	7026,09999999972	1	238,2	
57781	19,22	1,35	810	1	34	7094,09999999971	1	240,2	
57782	19,22	1,35	810	1	43	7137,09999999971	1	241,2	
57783	19,23	1,34	810	1	43	7137,09999999971	1	241,2	
57784	19,22	1,34	810	1	43	7180,09999999971	1	242,2	
57785	19,21	1,35	810	1	43	7266,09999999972	1	244,2	
57786	19,21	1,36	810	1	43	7266,09999999972	1	244,2	
57787	19,2	1,36	810	1	43	7352,09999999972	1	246,2	
57788	19,19	1,37	810	1	43	7395,09999999972	1	247,2	
57789	19,19	1,38	810	1	43	7438,09999999972	1	248,2	
57790	19,18	1,38	810	1	43	7438,09999999972	1	248,2	
57791	19,18	1,38	810	1	43	7481,09999999972	1	249,2	
57792	19,18	1,38	810	1	43	7567,09999999973	1	251,2	
57793	19,18	1,39	810	1	43	7610,09999999973	1	252,2	
57794	19,17	1,39	810	1	43	7610,09999999973	1	252,2	
57795	19,18	1,39	810	1	43	7653,09999999973	1	253,2	
57796	19,18	1,39	810	1	43	7739,09999999974	1	255,2	
57797	19,18	1,39	810	1	43	7739,09999999974	1	255,2	
57798	19,18	1,39	810	1	43	7782,09999999974	1	256,2	
57799	19,17	1,39	810	1	43	7825,09999999974	1	257,2	
57800	19,18	1,39	810	1	43	7911,09999999974	1	259,2	
57801	19,19	1,39	810	1	43	7954,09999999974	1	260,2	
57802	19,2	1,37	810	1	43	7954,09999999974	1	260,2	
57803	19,21	1,36	810	1	43	7997,09999999975	1	261,2	
57804	19,21	1,36	810	1	43	8083,09999999975	1	263,2	
57805	19,22	1,35	810	1	43	8083,09999999975	1	263,2	
57806	19,24	1,34	810	1	43	8126,09999999975	1	264,2	
57807	19,24	1,33	810	1	43	8169,09999999975	1	265,2	
57808	19,25	1,33	810	1	43	8255,09999999974	1	267,2	
57809	19,26	1,32	810	1	43	8255,09999999974	1	267,2	
57810	19,26	1,32	810	1	43	8298,09999999974	1	268,2	
57811	19,26	1,31	810	1	43	8341,09999999973	1	269,2	
57812	19,26	1,31	810	1	43	8427,09999999971	1	271,2	
57813	19,26	1,31	810	1	43	8427,09999999971	1	271,2	
57814	19,27	1,31	810	1	43	8470,09999999971	1	272,2	
57815	19,27	1,31	810	1	43	8513,0999999997	1	273,2	
57816	19,26	1,31	810	1	43	8599,09999999969	1	275,2	
57817	19,26	1,31	810	1	43	8599,09999999969	1	275,2	
57818	19,26	1,31	810	1	43	8642,09999999968	1	276,2	
57819	19,26	1,32	810	1	43	8685,09999999967	1	277,2	
57820	19,26	1,32	810	1	43	8771,09999999966	1	279,2	
57821	19,25	1,32	810	1	43	8814,09999999965	1	280,2	
57822	19,25	1,32	810	1	43	8814,09999999965	1	280,2	
57823	19,25	1,32	810	1	43	8857,09999999964	1	281,2	
57824	19,25	1,32	810	1	43	8943,09999999963	1	283,2	
57825	19,25	1,33	810	1	43	8986,09999999962	1	284,2	
57826	19,25	1,33	810	1	43	8986,09999999962	1	284,2	
57827	19,24	1,33	810	1	43	9029,09999999961	1	285,2	
57828	19,24	1,34	810	1	43	9072,09999999961	1	286,2	
57829	19,24	1,34	810	1	43	9158,09999999959	1	288,2	
57830	19,24	1,34	810	1	43	9201,09999999958	1	289,2	
57831	19,25	1,33	810	1	43	9201,09999999958	1	289,2	
57832	19,25	1,33	810	1	43	9244,09999999958	1	290,2	
57833	19,26	1,32	810	1	43	9330,09999999956	1	292,2	
57834	19,26	1,32	810	1	43	9373,09999999955	1	293,2	
57835	19,25	1,32	810	1	43	9373,09999999955	1	293,2	
57836	19,25	1,32	810	1	43	9416,09999999955	1	294,2	
57837	19,25	1,33	810	1	43	9502,09999999953	1	296,2	
57838	19,25	1,33	810	1	43	9545,09999999953	1	297,2	
57839	19,24	1,33	810	1	43	9588,09999999952	1	298,2	
57840	19,24	1,33	810	1	43	9588,09999999952	1	298,2	
57841	19,23	1,33	810	1	43	9631,09999999951	1	299,2	
57842	19,24	1,34	810	1	43	9717,0999999995	1	301,2	
57843	19,23	1,33	810	1	43	9717,0999999995	1	301,2	
57844	19,23	1,34	810	1	43	9760,09999999949	1	302,2	
57845	19,23	1,34	810	1	43	9846,09999999947	1	304,2	
57846	19,23	1,34	810	1	43	9846,09999999947	1	304,2	
57847	19,23	1,34	810	1	43	9889,09999999947	1	305,2	
57848	19,23	1,34	810	1	43	9932,09999999946	1	306,2	
57849	19,22	1,34	810	1	43	10018,0999999994	1	308,2	
57850	19,22	1,35	810	1	43	10018,0999999994	1	308,2	
57851	19,22	1,35	810	1	43	10061,0999999994	1	309,2	
57852	19,22	1,35	810	1	43	10147,0999999994	1	311,2	
57853	19,22	1,35	810	1	43	10190,0999999994	1	312,2	
57854	19,21	1,35	810	1	43	10190,0999999994	1	312,2	
57855	19,2	1,36	810	1	43	10233,0999999994	1	313,2	
57856	19,2	1,36	810	1	43	10319,0999999994	1	315,2	
57857	19,2	1,37	810	1	43	10319,0999999994	1	315,2	
57858	19,2	1,37	810	1	43	10362,0999999994	1	316,2	
57859	19,2	1,37	810	1	43	10405,0999999994	1	317,2	
57860	19,19	1,37	810	1	43	10491,0999999994	1	319,2	
57861	19,19	1,38	810	1	43	10491,0999999994	1	319,2	
57862	19,19	1,38	810	1	43	10534,0999999994	1	320,2	
57863	19,19	1,38	810	1	43	10620,0999999993	1	322,2	
57864	19,2	1,37	810	1	43	10620,0999999993	1	322,2	
57865	19,2	1,37	810	1	43	10663,0999999993	1	323,2	
57866	19,21	1,37	810	1	43	10749,0999999993	1	325,2	
57867	19,21	1,36	810	1	43	10792,0999999993	1	326,2	
57868	19,21	1,36	810	1	43	10792,0999999993	1	326,2	
57869	19,21	1,36	810	1	43	10835,0999999993	1	327,2	
57870	19,21	1,36	810	1	43	10921,0999999993	1	329,2	
57871	19,21	1,36	810	1	43	10964,0999999993	1	330,2	
57872	19,2	1,36	810	1	43	10964,0999999993	1	330,2	
57873	19,2	1,37	810	1	43	11007,0999999993	1	331,2	
57874	19,2	1,37	810	1	43	11093,0999999993	1	333,2	
57875	19,2	1,37	810	1	43	11093,0999999993	1	333,2	
57876	19,2	1,37	810	1	43	11136,0999999993	1	334,2	
57877	19,2	1,37	810	1	43	11179,0999999992	1	335,2	
57878	19,2	1,37	810	1	43	11265,0999999992	1	337,2	
57879	19,19	1,38	810	1	43	11265,0999999992	1	337,2	
57880	19,19	1,38	810	1	43	11308,0999999992	1	338,2	
57881	19,19	1,39	810	1	43	11351,0999999992	1	339,2	
57882	19,19	1,39	810	1	43	11437,0999999992	1	341,2	
57883	19,19	1,39	810	1	43	11437,0999999992	1	341,2	
57884	19,19	1,39	810	1	43	11480,0999999992	1	342,2	
57885	19,19	1,38	810	1	43	11523,0999999992	1	343,2	
57886	19,19	1,38	810	1	43	11609,0999999992	1	345,2	
57887	19,2	1,38	810	1	43	11609,0999999992	1	345,2	
57888	19,2	1,38	810	1	43	11652,0999999992	1	346,2	
57889	19,2	1,38	810	1	43	11695,0999999992	1	347,2	
57890	19,2	1,38	810	1	43	11781,0999999991	1	349,2	
57891	19,19	1,38	810	1	43	11824,0999999991	1	350,2	
57892	19,19	1,39	810	1	43	11824,0999999991	1	350,2	
57893	19,18	1,39	810	1	43	11867,0999999991	1	351,2	
57894	19,17	1,4	810	1	43	11953,0999999991	1	353,2	
57895	19,17	1,41	810	1	43	11953,0999999991	1	353,2	
57896	19,17	1,41	810	1	43	11996,0999999991	1	354,2	
57897	19,18	1,4	810	1	43	12039,0999999991	1	355,2	
57898	19,18	1,4	810	1	43	12125,0999999991	1	357,2	
57899	19,19	1,4	810	1	43	12168,0999999991	1	358,2	
57900	19,2	1,39	810	1	43	12168,0999999991	1	358,2	
57901	19,2	1,38	810	1	43	12211,0999999991	1	359,2	
57902	19,19	1,38	810	1	52	12308,7999999991	1	361,2	
57903	19,19	1,39	810	1	52	12360,7999999991	1	362,2	
57904	19,18	1,39	810	1	52	12360,7999999991	1	362,2	
57905	19,18	1,4	810	1	52	12412,7999999991	1	363,2	
57906	19,17	1,4	810	1	52	12464,7999999991	1	364,2	
57907	19,17	1,41	810	1	52	12568,7999999991	1	366,2	
57908	19,17	1,41	810	1	52	12568,7999999991	1	366,2	
57909	19,17	1,41	810	1	52	12620,7999999991	1	367,2	
57910	19,18	1,4	810	1	52	12672,7999999991	1	368,2	
57911	19,17	1,4	810	1	52	12724,7999999991	1	369,2	
57912	19,17	1,41	810	1	52	12828,7999999992	1	371,2	
57913	19,17	1,41	810	1	52	12828,7999999992	1	371,2	
57914	19,17	1,41	810	1	52	12880,7999999992	1	372,2	
57915	19,17	1,41	810	1	52	12932,7999999992	1	373,2	
57916	19,16	1,41	810	1	52	13036,7999999992	1	375,2	
57917	19,16	1,41	810	1	52	13036,7999999992	1	375,2	
57918	19,15	1,42	810	1	52	13088,7999999992	1	376,2	
57919	19,16	1,41	810	1	52	13140,7999999992	1	377,2	
57920	19,16	1,41	810	1	52	13244,7999999992	1	379,2	
57921	19,15	1,42	810	1	52	13296,7999999992	1	380,2	
57922	19,15	1,42	810	1	52	13296,7999999992	1	380,2	
57923	19,14	1,42	810	1	52	13348,7999999992	1	381,2	
57924	19,14	1,42	810	1	52	13452,7999999992	1	383,2	
57925	19,14	1,43	810	1	52	13504,7999999992	1	384,2	
57926	19,14	1,43	810	1	52	13504,7999999992	1	384,2	
57927	19,14	1,43	810	1	52	13556,7999999993	1	385,2	
57928	19,14	1,43	810	1	52	13608,7999999993	1	386,2	
57929	19,14	1,43	810	1	52	13712,7999999993	1	388,2	
57930	19,14	1,43	810	1	52	13764,7999999993	1	389,2	
57931	19,15	1,43	810	1	52	13764,7999999993	1	389,2	
57932	19,15	1,43	810	1	52	13816,7999999993	1	390,2	
57933	19,15	1,43	810	1	52	13868,7999999993	1	391,2	
57934	19,15	1,42	810	1	52	13920,7999999993	1	392,2	
57935	19,15	1,42	810	1	52	13972,7999999993	1	393,2	
57936	19,15	1,42	810	1	52	14024,7999999993	1	394,2	
57937	19,16	1,42	810	1	52	14076,7999999993	1	395,2	
57938	19,16	1,42	810	1	52	14128,7999999993	1	396,2	
57939	19,15	1,42	810	1	52	14180,7999999993	1	397,2	
57940	19,15	1,43	810	1	52	14284,7999999994	1	399,2	
57941	19,15	1,43	810	1	52	14284,7999999994	1	399,2	
57942	19,15	1,43	810	1	52	14336,7999999994	1	400,2	
57943	19,15	1,43	810	1	52	14388,7999999994	1	401,2	
57944	19,14	1,43	810	1	52	14440,7999999994	1	402,2	
57945	19,14	1,44	810	1	52	14492,7999999994	1	403,2	
57946	19,13	1,44	810	1	52	14544,7999999994	1	404,2	
57947	19,13	1,45	810	1	52	14648,7999999994	1	406,2	
57948	19,13	1,45	810	1	52	14648,7999999994	1	406,2	
57949	19,13	1,45	810	1	52	14700,7999999994	1	407,2	
57950	19,12	1,46	810	1	52	14752,7999999994	1	408,2	
57951	19,12	1,46	810	1	52	14804,7999999994	1	409,2	
57952	19,12	1,46	810	1	52	14856,7999999994	1	410,2	
57953	19,11	1,46	810	1	52	14908,7999999994	1	411,2	
57954	19,12	1,47	810	1	52	14960,7999999994	1	412,2	
57955	19,11	1,47	810	1	52	15064,7999999995	1	414,2	
57956	19,11	1,47	810	1	52	15064,7999999995	1	414,2	
57957	19,11	1,47	810	1	52	15116,7999999995	1	415,2	
57958	19,11	1,48	810	1	52	15168,7999999995	1	416,2	
57959	19,11	1,48	810	1	52	15272,7999999995	1	418,2	
57960	19,1	1,48	810	1	52	15272,7999999995	1	418,2	
57961	19,11	1,49	810	1	52	15324,7999999995	1	419,2	
57962	19,11	1,48	810	1	52	15376,7999999995	1	420,2	
57963	19,1	1,48	810	1	52	15480,7999999995	1	422,2	
57964	19,11	1,48	810	1	52	15480,7999999995	1	422,2	
57965	19,1	1,48	810	1	52	15532,7999999995	1	423,2	
57966	19,1	1,48	810	1	52	15584,7999999995	1	424,2	
57967	19,1	1,49	810	1	52	15636,7999999995	1	425,2	
57968	19,1	1,49	810	1	52	15688,7999999996	1	426,2	
57969	19,1	1,49	810	1	52	15740,7999999996	1	427,2	
57970	19,1	1,49	810	1	52	15792,7999999996	1	428,2	
57971	19,09	1,49	810	1	52	15896,7999999996	1	430,2	
57972	19,09	1,5	810	1	52	15896,7999999996	1	430,2	
57973	19,09	1,5	810	1	52	15948,7999999996	1	431,2	
57974	19,08	1,51	810	1	52	16000,7999999996	1	432,2	
57975	19,08	1,51	810	1	52	16052,7999999996	1	433,2	
57976	19,07	1,52	810	1	52	16104,7999999996	1	434,2	
57977	19,07	1,52	810	1	52	16156,7999999996	1	435,2	
57978	19,06	1,52	810	1	52	16208,7999999996	1	436,2	
57979	19,06	1,53	810	1	52	16312,7999999996	1	438,2	
57980	19,07	1,53	810	1	52	16312,7999999996	1	438,2	
57981	19,07	1,52	810	1	52	16364,7999999996	1	439,2	
57982	19,07	1,52	810	1	52	16416,7999999997	1	440,2	
57983	19,07	1,53	810	1	52	16520,7999999997	1	442,2	
57984	19,06	1,53	810	1	52	16520,7999999997	1	442,2	
57985	19,06	1,53	810	1	52	16572,7999999997	1	443,2	
57986	19,06	1,53	810	1	52	16624,7999999997	1	444,2	
57987	19,06	1,53	810	1	52	16676,7999999997	1	445,2	
57988	19,07	1,53	810	1	52	16728,7999999997	1	446,2	
57989	19,07	1,52	810	1	52	16780,7999999997	1	447,2	
57990	19,06	1,52	810	1	52	16832,7999999997	1	448,2	
57991	19,06	1,52	810	1	52	16884,7999999997	1	449,2	
57992	19,06	1,53	810	1	52	16988,7999999997	1	451,2	
57993	19,06	1,53	810	1	52	16988,7999999997	1	451,2	
57994	19,06	1,52	810	1	52	17040,7999999997	1	452,2	
57995	19,06	1,52	810	1	52	17092,7999999997	1	453,2	
57996	19,06	1,52	810	1	52	17196,7999999998	1	455,2	
57997	19,06	1,52	810	1	52	17196,7999999998	1	455,2	
57998	19,06	1,52	810	1	52	17248,7999999998	1	456,2	
57999	19,06	1,52	810	1	52	17300,7999999998	1	457,2	
58000	19,06	1,53	810	1	52	17352,7999999998	1	458,2	
58001	19,05	1,53	810	1	52	17456,7999999998	1	460,2	
58002	19,05	1,53	810	1	52	17456,7999999998	1	460,2	
58003	19,05	1,53	810	1	52	17508,7999999998	1	461,2	
58004	19,05	1,53	810	1	52	17560,7999999998	1	462,2	
58005	19,06	1,53	810	1	52	17664,7999999998	1	464,2	
58006	19,06	1,53	810	1	52	17664,7999999998	1	464,2	
58007	19,06	1,53	810	1	52	17716,7999999998	1	465,2	
58008	19,06	1,53	810	1	52	17768,7999999998	1	466,2	
58009	19,06	1,53	810	1	52	17820,7999999999	1	467,2	
58010	19,06	1,53	810	1	52	17872,7999999999	1	468,2	
58011	19,05	1,53	810	1	52	17976,7999999999	1	470,2	
58012	19,06	1,53	810	1	52	17976,7999999999	1	470,2	
58013	19,06	1,53	810	1	52	18028,7999999999	1	471,2	
58014	19,06	1,53	810	1	52	18080,7999999999	1	472,2	
58015	19,05	1,53	810	1	52	18132,7999999999	1	473,2	
58016	19,05	1,54	810	1	52	18184,7999999999	1	474,2	
58017	19,04	1,54	810	1	52	18236,7999999999	1	475,2	
58018	19,03	1,55	810	1	52	18288,7999999999	1	476,2	
58019	19,03	1,55	810	1	52	18340,7999999999	1	477,2	
58020	19,04	1,55	810	1	52	18392,7999999999	1	478,2	
58021	19,04	1,55	810	1	61	18498,5999999999	1	480,2	
58022	19,04	1,55	810	1	61	18498,5999999999	1	480,2	
58023	19,04	1,54	810	1	61	18559,5999999999	1	481,2	
58024	19,04	1,54	810	1	61	18620,5999999999	1	482,2	
58025	19,04	1,54	810	1	61	18681,5999999999	1	483,2	
58026	19,04	1,54	810	1	61	18742,5999999999	1	484,2	
58027	19,04	1,54	810	1	61	18803,5999999999	1	485,2	
58028	19,04	1,54	810	1	61	18864,5999999999	1	486,2	
58029	19,04	1,54	810	1	61	18925,5999999998	1	487,2	
58030	19,04	1,54	810	1	61	18986,5999999998	1	488,2	
58031	19,03	1,55	810	1	61	19047,5999999998	1	489,2	
58032	19,02	1,56	810	1	61	19108,5999999998	1	490,2	
58033	19,01	1,57	810	1	61	19169,5999999998	1	491,2	
58034	19,01	1,58	810	1	61	19230,5999999998	1	492,2	
58035	19,01	1,57	810	1	61	19291,5999999998	1	493,2	
58036	19,02	1,57	810	1	61	19413,5999999997	1	495,2	
58037	19,02	1,57	810	1	61	19413,5999999997	1	495,2	
58038	19,02	1,57	810	1	61	19474,5999999997	1	496,2	
58039	19,01	1,57	810	1	61	19535,5999999997	1	497,2	
58040	19,01	1,57	810	1	61	19596,5999999997	1	498,2	
58041	19	1,58	810	1	61	19657,5999999997	1	499,2	
58042	19	1,58	810	1	61	19718,5999999996	1	500,2	
58043	19	1,59	810	1	61	19779,5999999996	1	501,2	
58044	18,99	1,59	810	1	61	19840,5999999996	1	502,2	
58045	19	1,59	810	1	61	19901,5999999996	1	503,2	
58046	19,01	1,58	810	1	61	19962,5999999996	1	504,2	
58047	19,01	1,58	810	1	61	20023,5999999996	1	505,2	
58048	19,02	1,57	810	1	61	20084,5999999996	1	506,2	
58049	19,02	1,57	810	1	61	20145,5999999995	1	507,2	
58050	19,02	1,57	810	1	61	20206,5999999995	1	508,2	
58051	19,01	1,57	810	1	61	20267,5999999995	1	509,2	
58052	19,01	1,58	810	1	61	20328,5999999995	1	510,2	
58053	19,01	1,58	810	1	61	20389,5999999995	1	511,2	
58054	19,01	1,58	810	1	61	20450,5999999995	1	512,2	
58055	19,01	1,57	810	1	61	20511,5999999995	1	513,2	
58056	19,01	1,57	810	1	61	20572,5999999994	1	514,2	
58057	19,01	1,57	810	1	61	20633,5999999994	1	515,2	
58058	19,01	1,58	810	1	61	20694,5999999994	1	516,2	
58059	19	1,58	810	1	61	20755,5999999994	1	517,2	
58060	19	1,58	810	1	61	20816,5999999994	1	518,2	
58061	19	1,59	810	1	61	20877,5999999994	1	519,2	
58062	19	1,59	810	1	61	20938,5999999994	1	520,2	
58063	19	1,59	810	1	61	20999,5999999993	1	521,2	
58064	19	1,59	810	1	61	21060,5999999993	1	522,2	
58065	18,99	1,59	810	1	61	21121,5999999993	1	523,2	
58066	18,99	1,59	810	1	61	21182,5999999993	1	524,2	
58067	18,99	1,59	810	1	61	21243,5999999993	1	525,2	
58068	18,99	1,59	810	1	61	21304,5999999993	1	526,2	
58069	18,98	1,59	810	1	61	21365,5999999993	1	527,2	
58070	18,98	1,6	810	1	61	21426,5999999992	1	528,2	
58071	18,97	1,61	810	1	61	21487,5999999992	1	529,2	
58072	18,97	1,61	810	1	61	21548,5999999992	1	530,2	
58073	18,96	1,62	810	1	61	21609,5999999992	1	531,2	
58074	18,95	1,63	810	1	61	21670,5999999992	1	532,2	
58075	18,94	1,63	810	1	61	21731,5999999992	1	533,2	
58076	18,94	1,64	810	1	61	21792,5999999992	1	534,2	
58077	18,94	1,64	810	1	61	21853,5999999991	1	535,2	
58078	18,94	1,64	810	1	61	21914,5999999991	1	536,2	
58079	18,95	1,64	810	1	61	21975,5999999991	1	537,2	
58080	18,94	1,64	810	1	61	22036,5999999991	1	538,2	
58081	18,94	1,64	810	1	61	22097,5999999991	1	539,2	
58082	18,94	1,65	810	1	61	22158,5999999991	1	540,2	
58083	18,95	1,64	810	1	61	22219,5999999991	1	541,2	
58084	18,95	1,64	810	1	61	22280,599999999	1	542,2	
58085	18,96	1,63	810	1	61	22341,599999999	1	543,2	
58086	18,96	1,62	810	1	61	22402,599999999	1	544,2	
58087	18,96	1,62	810	1	61	22463,599999999	1	545,2	
58088	18,96	1,62	810	1	61	22524,599999999	1	546,2	
58089	18,97	1,62	810	1	61	22585,599999999	1	547,2	
58090	18,97	1,62	810	1	61	22646,599999999	1	548,2	
58091	18,96	1,62	810	1	61	22707,5999999989	1	549,2	
58092	18,96	1,63	810	1	61	22768,5999999989	1	550,2	
58093	18,95	1,63	810	1	61	22829,5999999989	1	551,2	
58094	18,95	1,63	810	1	61	22890,5999999989	1	552,2	
58095	18,95	1,64	810	1	61	22951,5999999989	1	553,2	
58096	18,95	1,63	810	1	61	23012,5999999989	1	554,2	
58097	18,95	1,64	810	1	61	23073,5999999988	1	555,2	
58098	18,95	1,64	810	1	61	23134,5999999988	1	556,2	
58099	18,95	1,63	810	1	61	23195,5999999988	1	557,2	
58100	18,95	1,63	810	1	61	23256,5999999988	1	558,2	
58101	18,96	1,63	810	1	61	23317,5999999988	1	559,2	
58102	18,95	1,63	810	1	61	23378,5999999988	1	560,2	
58103	18,95	1,63	810	1	61	23439,5999999988	1	561,2	
58104	18,95	1,63	810	1	61	23500,5999999987	1	562,2	
58105	18,95	1,64	810	1	61	23561,5999999987	1	563,2	
58106	18,95	1,64	810	1	61	23622,5999999987	1	564,2	
58107	18,95	1,64	810	1	61	23683,5999999987	1	565,2	
58108	18,95	1,64	810	1	61	23744,5999999987	1	566,2	
58109	18,95	1,64	810	1	61	23805,5999999987	1	567,2	
58110	18,95	1,64	810	1	61	23866,5999999987	1	568,2	
58111	18,95	1,64	810	1	61	23927,5999999986	1	569,2	
58112	18,95	1,64	810	1	61	23988,5999999986	1	570,2	
58113	18,95	1,64	810	1	61	24049,5999999986	1	571,2	
58114	18,96	1,63	810	1	61	24110,5999999986	1	572,2	
58115	18,96	1,63	810	1	61	24171,5999999986	1	573,2	
58116	18,96	1,63	810	1	61	24232,5999999986	1	574,2	
58117	18,95	1,64	810	1	61	24293,5999999986	1	575,2	
58118	18,95	1,64	810	1	61	24354,5999999985	1	576,2	
58119	18,94	1,64	810	1	61	24415,5999999985	1	577,2	
58120	18,94	1,65	810	1	61	24476,5999999985	1	578,2	
58121	18,94	1,65	810	1	61	24537,5999999985	1	579,2	
58122	18,94	1,65	810	1	61	24598,5999999985	1	580,2	
58123	18,94	1,65	810	1	61	24659,5999999985	1	581,2	
58124	18,94	1,65	810	1	61	24720,5999999985	1	582,2	
58125	18,93	1,65	810	1	61	24781,5999999984	1	583,2	
58126	18,93	1,65	810	1	61	24842,5999999984	1	584,2	
58127	18,93	1,65	810	1	61	24903,5999999984	1	585,2	
58128	18,93	1,65	810	1	61	24964,5999999984	1	586,2	
58129	18,93	1,65	810	1	61	25025,5999999984	1	587,2	
58130	18,93	1,65	810	1	61	25086,5999999984	1	588,2	
58131	18,93	1,66	810	1	61	25147,5999999984	1	589,2	
58132	18,94	1,65	810	1	61	25208,5999999983	1	590,2	
58133	18,93	1,66	810	1	61	25269,5999999983	1	591,2	
58134	18,93	1,66	810	1	61	25330,5999999983	1	592,2	
58135	18,93	1,66	810	1	61	25391,5999999983	1	593,2	
58136	18,93	1,66	810	1	61	25452,5999999983	1	594,2	
58137	18,92	1,66	810	1	61	25513,5999999983	1	595,2	
58138	18,92	1,67	810	1	61	25574,5999999983	1	596,2	
58139	18,91	1,67	810	1	61	25635,5999999982	1	597,2	
58140	18,91	1,67	810	1	61	25696,5999999982	1	598,2	
58141	18,91	1,68	810	1	61	25757,5999999982	1	599,2	
58142	18,91	1,67	810	1	70	25819,4999999982	1	600,2	
58143	18,9	1,67	810	1	70	25889,4999999982	1	601,2	
58144	18,91	1,67	810	1	70	25959,4999999982	1	602,2	
58145	18,91	1,67	810	1	70	26029,4999999982	1	603,2	
58146	18,91	1,67	810	1	70	26099,4999999982	1	604,2	
58147	18,91	1,67	810	1	70	26169,4999999982	1	605,2	
58148	18,91	1,67	810	1	70	26239,4999999982	1	606,2	
58149	18,91	1,67	810	1	70	26309,4999999982	1	607,2	
58150	18,91	1,67	810	1	70	26379,4999999982	1	608,2	
58151	18,91	1,67	810	1	70	26449,4999999982	1	609,2	
58152	18,91	1,67	810	1	70	26519,4999999982	1	610,2	
58153	18,91	1,67	810	1	70	26589,4999999982	1	611,2	
58154	18,9	1,67	810	1	70	26659,4999999982	1	612,2	
58155	18,9	1,67	810	1	70	26729,4999999982	1	613,2	
58156	18,91	1,67	810	1	70	26799,4999999982	1	614,2	
58157	18,9	1,67	810	1	70	26869,4999999982	1	615,2	
58158	18,9	1,67	800	1	70	26939,4999999982	1	616,2	
58159	18,91	1,67	800	1	70	27009,4999999982	1	617,2	
58160	18,91	1,67	800	1	70	27079,4999999982	1	618,2	
58161	18,9	1,67	800	1	70	27149,4999999982	1	619,2	
58162	18,9	1,67	800	1	70	27219,4999999982	1	620,2	
58163	18,9	1,67	800	1	70	27289,4999999982	1	621,2	
58164	18,9	1,67	800	1	70	27359,4999999982	1	622,2	
58165	18,9	1,67	800	1	70	27429,4999999982	1	623,2	
58166	18,91	1,67	800	1	70	27499,4999999982	1	624,2	
58167	18,91	1,67	800	1	70	27569,4999999982	1	625,2	
58168	18,9	1,67	800	1	70	27639,4999999982	1	626,2	
58169	18,9	1,67	800	1	70	27709,4999999982	1	627,2	
58170	18,9	1,67	800	1	70	27779,4999999982	1	628,2	
58171	18,9	1,67	800	1	70	27849,4999999982	1	629,2	
58172	18,9	1,67	800	1	70	27919,4999999982	1	630,2	
58173	18,9	1,67	800	1	70	27989,4999999982	1	631,2	
58174	18,9	1,67	800	1	70	28059,4999999982	1	632,2	
58175	18,9	1,68	800	1	70	28129,4999999982	1	633,2	
58176	18,91	1,67	800	1	70	28199,4999999982	1	634,2	
58177	18,9	1,68	800	1	70	28269,4999999982	1	635,2	
58178	18,9	1,68	800	1	70	28339,4999999982	1	636,2	
58179	18,89	1,68	800	1	70	28409,4999999982	1	637,2	
58180	18,89	1,68	800	1	70	28479,4999999982	1	638,2	
58181	18,89	1,68	800	1	70	28549,4999999982	1	639,2	
58182	18,89	1,68	800	1	70	28619,4999999982	1	640,2	
58183	18,89	1,69	800	1	70	28689,4999999982	1	641,2	
58184	18,89	1,69	800	1	70	28759,4999999982	1	642,2	
58185	18,89	1,68	800	1	70	28829,4999999982	1	643,2	
58186	18,89	1,68	800	1	70	28899,4999999982	1	644,2	
58187	18,89	1,69	800	1	70	28969,4999999982	1	645,2	
58188	18,89	1,68	800	1	70	29039,4999999982	1	646,2	
58189	18,89	1,69	800	1	70	29109,4999999982	1	647,2	
58190	18,89	1,69	800	1	70	29179,4999999982	1	648,2	
58191	18,89	1,68	800	1	70	29249,4999999982	1	649,2	
58192	18,89	1,69	800	1	70	29319,4999999982	1	650,2	
58193	18,89	1,69	800	1	70	29389,4999999982	1	651,2	
58194	18,88	1,69	800	1	70	29459,4999999982	1	652,2	
58195	18,88	1,69	800	1	70	29529,4999999982	1	653,2	
58196	18,88	1,69	800	1	70	29599,4999999982	1	654,2	
58197	18,88	1,69	800	1	70	29669,4999999982	1	655,2	
58198	18,88	1,7	800	1	70	29739,4999999982	1	656,2	
58199	18,88	1,7	800	1	70	29809,4999999982	1	657,2	
58200	18,87	1,7	800	1	70	29879,4999999982	1	658,2	
58201	18,87	1,71	800	1	70	29949,4999999982	1	659,2	
58202	18,87	1,71	800	1	70	30019,4999999982	1	660,2	
58203	18,87	1,71	800	1	70	30089,4999999982	1	661,2	
58204	18,87	1,71	800	1	70	30159,4999999982	1	662,2	
58205	18,87	1,71	800	1	70	30229,4999999982	1	663,2	
58206	18,87	1,71	800	1	70	30299,4999999982	1	664,2	
58207	18,87	1,71	800	1	70	30369,4999999982	1	665,2	
58208	18,86	1,71	800	1	70	30439,4999999982	1	666,2	
58209	18,86	1,71	800	1	70	30509,4999999982	1	667,2	
58210	18,86	1,71	800	1	70	30579,4999999982	1	668,2	
58211	18,86	1,71	800	1	70	30649,4999999982	1	669,2	
58212	18,86	1,71	800	1	70	30719,4999999982	1	670,2	
58213	18,86	1,72	800	1	70	30789,4999999982	1	671,2	
58214	18,86	1,72	800	1	70	30859,4999999982	1	672,2	
58215	18,85	1,72	800	1	70	30929,4999999982	1	673,2	
58216	18,85	1,73	800	1	70	30999,4999999982	1	674,2	
58217	18,85	1,73	800	1	70	31069,4999999982	1	675,2	
58218	18,85	1,73	800	1	70	31139,4999999982	1	676,2	
58219	18,85	1,72	800	1	70	31209,4999999982	1	677,2	
58220	18,85	1,72	800	1	70	31279,4999999982	1	678,2	
58221	18,85	1,72	800	1	70	31349,4999999982	1	679,2	
58222	18,84	1,73	800	1	70	31419,4999999982	1	680,2	
58223	18,84	1,73	800	1	70	31489,4999999982	1	681,2	
58224	18,84	1,73	800	1	70	31559,4999999982	1	682,2	
58225	18,84	1,74	800	1	70	31629,4999999982	1	683,2	
58226	18,84	1,74	800	1	70	31699,4999999982	1	684,2	
58227	18,84	1,73	800	1	70	31769,4999999982	1	685,2	
58228	18,83	1,73	800	1	70	31839,4999999982	1	686,2	
58229	18,84	1,74	800	1	70	31909,4999999982	1	687,2	
58230	18,84	1,73	800	1	70	31979,4999999982	1	688,2	
58231	18,84	1,73	800	1	70	32049,4999999982	1	689,2	
58232	18,84	1,73	800	1	70	32119,4999999982	1	690,2	
58233	18,84	1,74	800	1	70	32189,4999999982	1	691,2	
58234	18,84	1,74	800	1	70	32259,4999999982	1	692,2	
58235	18,83	1,74	800	1	70	32329,4999999982	1	693,2	
58236	18,83	1,74	800	1	70	32399,4999999982	1	694,2	
58237	18,83	1,74	800	1	70	32469,4999999982	1	695,2	
58238	18,83	1,74	800	1	70	32539,4999999982	1	696,2	
58239	18,83	1,74	800	1	70	32609,4999999982	1	697,2	
58240	18,83	1,75	800	1	70	32679,4999999982	1	698,2	
58241	18,83	1,75	800	1	70	32749,4999999982	1	699,2	
58242	18,83	1,75	800	1	70	32819,4999999982	1	700,2	
58243	18,82	1,75	800	1	70	32889,4999999982	1	701,2	
58244	18,82	1,75	800	1	70	32959,4999999982	1	702,2	
58245	18,82	1,75	800	1	70	33029,4999999982	1	703,2	
58246	18,82	1,75	800	1	70	33099,4999999982	1	704,2	
58247	18,82	1,75	800	1	70	33169,4999999982	1	705,2	
58248	18,82	1,76	800	1	70	33239,4999999982	1	706,2	
58249	18,81	1,76	800	1	70	33309,4999999982	1	707,2	
58250	18,81	1,76	800	1	70	33379,4999999982	1	708,2	
58251	18,81	1,76	800	1	70	33449,4999999982	1	709,2	
58252	18,81	1,76	800	1	70	33519,4999999982	1	710,2	
58253	18,81	1,76	800	1	70	33589,4999999982	1	711,2	
58254	18,81	1,76	800	1	70	33659,4999999982	1	712,2	
58255	18,81	1,76	800	1	70	33729,4999999982	1	713,2	
58256	18,82	1,76	800	1	70	33799,4999999982	1	714,2	
58257	18,82	1,76	800	1	70	33869,4999999982	1	715,2	
58258	18,82	1,76	800	1	70	33939,4999999982	1	716,2	
58259	18,81	1,76	800	1	70	34009,4999999982	1	717,2	
58260	18,81	1,76	800	1	70	34079,4999999982	1	718,2	
58261	18,81	1,76	800	1	70	34149,4999999982	1	719,2	
58262	18,81	1,76	800	1	79	34221,2999999982	1	720,2	
58263	18,81	1,77	800	1	79	34300,2999999982	1	721,2	
58264	18,8	1,77	800	1	79	34379,2999999982	1	722,2	
58265	18,8	1,77	800	1	79	34458,2999999982	1	723,2	
58266	18,8	1,77	800	1	79	34537,2999999983	1	724,2	
58267	18,8	1,77	800	1	79	34616,2999999983	1	725,2	
58268	18,8	1,77	800	1	79	34695,2999999983	1	726,2	
58269	18,8	1,78	800	1	79	34774,2999999983	1	727,2	
58270	18,8	1,78	800	1	79	34853,2999999983	1	728,2	
58271	18,8	1,78	800	1	79	34932,2999999983	1	729,2	
58272	18,8	1,78	800	1	79	35011,2999999983	1	730,2	
58273	18,79	1,78	800	1	79	35090,2999999984	1	731,2	
58274	18,79	1,78	800	1	79	35169,2999999984	1	732,2	
58275	18,8	1,78	800	1	79	35248,2999999984	1	733,2	
58276	18,79	1,78	800	1	79	35327,2999999984	1	734,2	
58277	18,79	1,78	800	1	79	35406,2999999984	1	735,2	
58278	18,79	1,79	800	1	79	35485,2999999984	1	736,2	
58279	18,79	1,78	800	1	79	35564,2999999984	1	737,2	
58280	18,8	1,78	800	1	79	35643,2999999985	1	738,2	
58281	18,8	1,78	800	1	79	35722,2999999985	1	739,2	
58282	18,8	1,78	800	1	79	35801,2999999985	1	740,2	
58283	18,79	1,78	800	1	79	35880,2999999985	1	741,2	
58284	18,79	1,79	800	1	79	35959,2999999985	1	742,2	
58285	18,79	1,79	800	1	79	36038,2999999985	1	743,2	
58286	18,79	1,79	800	1	79	36117,2999999985	1	744,2	
58287	18,79	1,79	800	1	79	36196,2999999986	1	745,2	
58288	18,79	1,79	800	1	79	36275,2999999986	1	746,2	
58289	18,79	1,79	800	1	79	36354,2999999986	1	747,2	
58290	18,79	1,79	800	1	79	36433,2999999986	1	748,2	
58291	18,79	1,78	800	1	79	36512,2999999986	1	749,2	
58292	18,79	1,79	800	1	79	36591,2999999986	1	750,2	
58293	18,79	1,79	800	1	79	36670,2999999986	1	751,2	
58294	18,78	1,79	800	1	79	36749,2999999987	1	752,2	
58295	18,78	1,79	800	1	79	36828,2999999987	1	753,2	
58296	18,77	1,8	800	1	79	36907,2999999987	1	754,2	
58297	18,76	1,8	800	1	79	36986,2999999987	1	755,2	
58298	18,76	1,81	800	1	79	37065,2999999987	1	756,2	
58299	18,75	1,81	800	1	79	37144,2999999987	1	757,2	
58300	18,75	1,82	800	1	79	37223,2999999988	1	758,2	
58301	18,75	1,82	800	1	79	37302,2999999988	1	759,2	
58302	18,75	1,82	800	1	79	37381,2999999988	1	760,2	
58303	18,74	1,83	800	1	79	37460,2999999988	1	761,2	
58304	18,74	1,83	800	1	79	37539,2999999988	1	762,2	
58305	18,74	1,83	800	1	79	37618,2999999988	1	763,2	
58306	18,74	1,83	800	1	79	37697,2999999988	1	764,2	
58307	18,74	1,83	800	1	79	37776,2999999989	1	765,2	
58308	18,74	1,83	800	1	79	37855,2999999989	1	766,2	
58309	18,75	1,83	800	1	79	37934,2999999989	1	767,2	
58310	18,75	1,82	800	1	79	38013,2999999989	1	768,2	
58311	18,75	1,82	800	1	79	38092,2999999989	1	769,2	
58312	18,75	1,82	800	1	79	38171,2999999989	1	770,2	
58313	18,75	1,82	800	1	79	38250,2999999989	1	771,2	
58314	18,75	1,82	800	1	79	38329,299999999	1	772,2	
58315	18,75	1,82	800	1	79	38408,299999999	1	773,2	
58316	18,75	1,82	800	1	79	38487,299999999	1	774,2	
58317	18,75	1,82	800	1	79	38566,299999999	1	775,2	
58318	18,75	1,82	800	1	79	38645,299999999	1	776,2	
58319	18,75	1,82	800	1	79	38724,299999999	1	777,2	
58320	18,75	1,82	800	1	79	38803,299999999	1	778,2	
58321	18,75	1,82	800	1	79	38882,2999999991	1	779,2	
58322	18,75	1,83	800	1	79	38961,2999999991	1	780,2	
58323	18,75	1,83	800	1	79	39040,2999999991	1	781,2	
58324	18,75	1,83	800	1	79	39119,2999999991	1	782,2	
58325	18,74	1,83	800	1	79	39198,2999999991	1	783,2	
58326	18,74	1,83	800	1	79	39277,2999999991	1	784,2	
58327	18,74	1,83	800	1	79	39356,2999999991	1	785,2	
58328	18,74	1,83	800	1	79	39435,2999999992	1	786,2	
58329	18,74	1,83	800	1	79	39514,2999999992	1	787,2	
58330	18,74	1,83	800	1	79	39593,2999999992	1	788,2	
58331	18,74	1,83	800	1	79	39672,2999999992	1	789,2	
58332	18,74	1,83	800	1	79	39751,2999999992	1	790,2	
58333	18,74	1,84	810	1	79	39830,2999999992	1	791,2	
58334	18,74	1,84	810	1	79	39909,2999999992	1	792,2	
58335	18,74	1,84	810	1	79	39988,2999999993	1	793,2	
58336	18,74	1,84	810	1	79	40067,2999999993	1	794,2	
58337	18,74	1,85	810	1	79	40146,2999999993	1	795,2	
58338	18,74	1,85	800	1	79	40225,2999999993	1	796,2	
58339	18,73	1,85	800	1	79	40304,2999999993	1	797,2	
58340	18,73	1,85	800	1	79	40383,2999999993	1	798,2	
58341	18,73	1,85	800	1	79	40462,2999999993	1	799,2	
58342	18,73	1,85	800	1	79	40541,2999999994	1	800,2	
58343	18,72	1,86	800	1	79	40620,2999999994	1	801,2	
58344	18,72	1,86	800	1	79	40699,2999999994	1	802,2	
58345	18,72	1,86	800	1	79	40778,2999999994	1	803,2	
58346	18,72	1,86	810	1	79	40857,2999999994	1	804,2	
58347	18,72	1,86	810	1	79	40936,2999999994	1	805,2	
58348	18,72	1,86	810	1	79	41015,2999999994	1	806,2	
58349	18,71	1,86	810	1	79	41094,2999999995	1	807,2	
58350	18,72	1,87	810	1	79	41173,2999999995	1	808,2	
58351	18,71	1,87	810	1	79	41252,2999999995	1	809,2	
58352	18,71	1,87	810	1	79	41331,2999999995	1	810,2	
58353	18,71	1,87	810	1	79	41410,2999999995	1	811,2	
58354	18,71	1,87	810	1	79	41489,2999999995	1	812,2	
58355	18,71	1,87	810	1	79	41568,2999999996	1	813,2	
58356	18,71	1,87	810	1	79	41647,2999999996	1	814,2	
58357	18,71	1,87	810	1	79	41726,2999999996	1	815,2	
58358	18,71	1,87	810	1	79	41805,2999999996	1	816,2	
58359	18,71	1,87	810	1	79	41884,2999999996	1	817,2	
58360	18,71	1,87	810	1	79	41963,2999999996	1	818,2	
58361	18,71	1,87	810	1	79	42042,2999999996	1	819,2	
58362	18,71	1,87	810	1	79	42121,2999999997	1	820,2	
58363	18,71	1,88	810	1	79	42200,2999999997	1	821,2	
58364	18,7	1,88	810	1	79	42279,2999999997	1	822,2	
58365	18,7	1,88	810	1	79	42358,2999999997	1	823,2	
58366	18,7	1,88	810	1	79	42437,2999999997	1	824,2	
58367	18,7	1,88	810	1	79	42516,2999999997	1	825,2	
58368	18,7	1,88	810	1	79	42595,2999999997	1	826,2	
58369	18,7	1,88	810	1	79	42674,2999999998	1	827,2	
58370	18,7	1,88	810	1	79	42753,2999999998	1	828,2	
58371	18,69	1,89	810	1	79	42832,2999999998	1	829,2	
58372	18,69	1,89	810	1	79	42911,2999999998	1	830,2	
58373	18,69	1,88	810	1	79	42990,2999999998	1	831,2	
58374	18,69	1,89	810	1	79	43069,2999999998	1	832,2	
58375	18,69	1,89	810	1	79	43148,2999999998	1	833,2	
58376	18,69	1,89	810	1	79	43227,2999999999	1	834,2	
58377	18,69	1,89	810	1	79	43306,2999999999	1	835,2	
58378	18,69	1,89	810	1	79	43385,2999999999	1	836,2	
58379	18,69	1,89	810	1	79	43464,2999999999	1	837,2	
58380	18,69	1,89	810	1	79	43543,2999999999	1	838,2	
58381	18,68	1,89	810	1	79	43622,2999999999	1	839,2	
58382	18,68	1,89	810	1	88	43703,9999999999	1	840,2	
58383	18,68	1,89	810	1	88	43792	1	841,2	
58384	18,68	1,9	810	1	88	43880	1	842,2	
58385	18,68	1,9	810	1	88	43968	1	843,2	
58386	18,67	1,9	810	1	88	44056,0000000001	1	844,2	
58387	18,67	1,91	810	1	88	44144,0000000001	1	845,2	
58388	18,67	1,91	810	1	88	44232,0000000001	1	846,2	
58389	18,67	1,91	810	1	88	44320,0000000002	1	847,2	
58390	18,67	1,91	810	1	88	44408,0000000002	1	848,2	
58391	18,66	1,91	810	1	88	44496,0000000002	1	849,2	
58392	18,66	1,92	810	1	88	44584,0000000002	1	850,2	
58393	18,66	1,92	810	1	88	44672,0000000003	1	851,2	
58394	18,66	1,92	810	1	88	44760,0000000003	1	852,2	
58395	18,65	1,92	810	1	88	44848,0000000003	1	853,2	
58396	18,65	1,92	810	1	88	44936,0000000004	1	854,2	
58397	18,65	1,92	810	1	88	45024,0000000004	1	855,2	
58398	18,65	1,93	810	1	88	45112,0000000004	1	856,2	
58399	18,64	1,93	810	1	88	45200,0000000004	1	857,2	
58400	18,64	1,93	810	1	88	45288,0000000005	1	858,2	
58401	18,64	1,93	810	1	88	45376,0000000005	1	859,2	
58402	18,65	1,93	810	1	88	45464,0000000005	1	860,2	
58403	18,64	1,93	810	1	88	45552,0000000006	1	861,2	
58404	18,64	1,93	810	1	88	45640,0000000006	1	862,2	
58405	18,64	1,94	810	1	88	45728,0000000006	1	863,2	
58406	18,64	1,94	810	1	88	45816,0000000006	1	864,2	
58407	18,64	1,94	810	1	88	45904,0000000007	1	865,2	
58408	18,64	1,94	810	1	88	45992,0000000007	1	866,2	
58409	18,63	1,94	810	1	88	46080,0000000007	1	867,2	
58410	18,63	1,95	810	1	88	46168,0000000008	1	868,2	
58411	18,63	1,95	810	1	88	46256,0000000008	1	869,2	
58412	18,63	1,95	810	1	88	46344,0000000008	1	870,2	
58413	18,63	1,95	810	1	88	46432,0000000009	1	871,2	
58414	18,63	1,95	810	1	88	46520,0000000009	1	872,2	
58415	18,63	1,95	810	1	88	46608,0000000009	1	873,2	
58416	18,62	1,96	810	1	88	46696,0000000009	1	874,2	
58417	18,62	1,96	810	1	88	46784,000000001	1	875,2	
58418	18,62	1,96	810	1	88	46872,000000001	1	876,2	
58419	18,62	1,96	810	1	88	46960,000000001	1	877,2	
58420	18,61	1,97	810	1	88	47048,0000000011	1	878,2	
58421	18,61	1,97	810	1	88	47136,0000000011	1	879,2	
58422	18,61	1,97	810	1	88	47224,0000000011	1	880,2	
58423	18,61	1,97	810	1	88	47312,0000000011	1	881,2	
58424	18,61	1,98	810	1	88	47400,0000000012	1	882,2	
58425	18,61	1,98	800	1	88	47488,0000000012	1	883,2	
58426	18,61	1,98	800	1	88	47576,0000000012	1	884,2	
58427	18,61	1,98	800	1	88	47664,0000000013	1	885,2	
58428	18,61	1,98	800	1	88	47752,0000000013	1	886,2	
58429	18,61	1,98	800	1	88	47840,0000000013	1	887,2	
58430	18,61	1,98	800	1	88	47928,0000000013	1	888,2	
58431	18,61	1,97	800	1	88	48016,0000000014	1	889,2	
58432	18,61	1,98	800	1	88	48104,0000000014	1	890,2	
58433	18,6	1,98	800	1	88	48192,0000000014	1	891,2	
58434	18,6	1,98	800	1	88	48280,0000000015	1	892,2	
58435	18,6	1,98	800	1	88	48368,0000000015	1	893,2	
58436	18,6	1,98	800	1	88	48456,0000000015	1	894,2	
58437	18,6	1,98	800	1	88	48544,0000000015	1	895,2	
58438	18,6	1,99	800	1	88	48632,0000000016	1	896,2	
58439	18,6	1,99	800	1	88	48720,0000000016	1	897,2	
58440	18,6	1,99	800	1	88	48808,0000000016	1	898,2	
58441	18,6	1,99	800	1	88	48896,0000000017	1	899,2	
58442	18,6	1,99	800	1	88	48984,0000000017	1	900,2	
58443	18,59	1,99	800	1	88	49072,0000000017	1	901,2	
58444	18,59	1,99	800	1	88	49160,0000000018	1	902,2	
58445	18,59	2	800	1	88	49248,0000000018	1	903,2	
58446	18,59	2	800	1	88	49336,0000000018	1	904,2	
58447	18,58	2	800	1	88	49424,0000000018	1	905,2	
58448	18,58	2	800	1	88	49512,0000000019	1	906,2	
58449	18,58	2,01	800	1	88	49600,0000000019	1	907,2	
58450	18,58	2,01	800	1	88	49688,0000000019	1	908,2	
58451	18,57	2,01	800	1	88	49776,000000002	1	909,2	
58452	18,57	2,01	800	1	88	49864,000000002	1	910,2	
58453	18,57	2,01	800	1	88	49952,000000002	1	911,2	
58454	18,58	2,01	800	1	88	50040,000000002	1	912,2	
58455	18,57	2,01	800	1	88	50128,0000000021	1	913,2	
58456	18,58	2,01	800	1	88	50216,0000000021	1	914,2	
58457	18,57	2,01	800	1	88	50304,0000000021	1	915,2	
58458	18,57	2,01	800	1	88	50392,0000000022	1	916,2	
58459	18,57	2,02	800	1	88	50480,0000000022	1	917,2	
58460	18,57	2,02	800	1	88	50568,0000000022	1	918,2	
58461	18,56	2,02	800	1	88	50656,0000000022	1	919,2	
58462	18,56	2,02	800	1	88	50744,0000000023	1	920,2	
58463	18,56	2,02	800	1	88	50832,0000000023	1	921,2	
58464	18,56	2,02	800	1	88	50920,0000000023	1	922,2	
58465	18,56	2,02	800	1	88	51008,0000000024	1	923,2	
58466	18,56	2,02	800	1	88	51096,0000000024	1	924,2	
58467	18,56	2,02	800	1	88	51184,0000000024	1	925,2	
58468	18,56	2,02	800	1	88	51272,0000000025	1	926,2	
58469	18,56	2,02	800	1	88	51360,0000000025	1	927,2	
58470	18,56	2,02	800	1	88	51448,0000000025	1	928,2	
58471	18,56	2,02	800	1	88	51536,0000000025	1	929,2	
58472	18,56	2,02	800	1	88	51624,0000000026	1	930,2	
58473	18,56	2,02	800	1	88	51712,0000000026	1	931,2	
58474	18,56	2,02	800	1	88	51800,0000000026	1	932,2	
58475	18,55	2,03	800	1	88	51888,0000000027	1	933,2	
58476	18,55	2,03	800	1	88	51976,0000000027	1	934,2	
58477	18,54	2,03	800	1	88	52064,0000000027	1	935,2	
58478	18,54	2,03	800	1	88	52152,0000000027	1	936,2	
58479	18,54	2,04	800	1	88	52240,0000000028	1	937,2	
58480	18,54	2,03	800	1	88	52328,0000000028	1	938,2	
58481	18,54	2,03	800	1	88	52416,0000000028	1	939,2	
58482	18,54	2,03	800	1	88	52504,0000000029	1	940,2	
58483	18,54	2,03	800	1	88	52592,0000000029	1	941,2	
58484	18,55	2,04	800	1	88	52680,0000000029	1	942,2	
58485	18,55	2,04	800	1	88	52768,0000000029	1	943,2	
58486	18,54	2,04	800	1	88	52856,000000003	1	944,2	
58487	18,53	2,04	800	1	88	52944,000000003	1	945,2	
58488	18,53	2,05	800	1	88	53032,000000003	1	946,2	
58489	18,53	2,06	800	1	88	53120,0000000031	1	947,2	
58490	18,53	2,06	800	1	88	53208,0000000031	1	948,2	
58491	18,53	2,06	800	1	88	53296,0000000031	1	949,2	
58492	18,52	2,06	800	1	88	53384,0000000032	1	950,2	
58493	18,53	2,06	800	1	88	53472,0000000032	1	951,2	
58494	18,52	2,06	800	1	88	53560,0000000032	1	952,2	
58495	18,53	2,05	800	1	88	53648,0000000032	1	953,2	
58496	18,53	2,05	800	1	88	53736,0000000033	1	954,2	
58497	18,53	2,05	800	1	88	53824,0000000033	1	955,2	
58498	18,53	2,05	800	1	88	53912,0000000033	1	956,2	
58499	18,53	2,06	800	1	88	54000,0000000034	1	957,2	
58500	18,53	2,05	800	1	88	54088,0000000034	1	958,2	
58501	18,53	2,05	800	1	88	54176,0000000034	1	959,2	
58502	18,53	2,06	800	1	88	54264,0000000034	1	960,2	
58503	18,53	2,06	800	1	97	54352,9000000035	1	961,2	
58504	18,52	2,06	800	1	97	54449,9000000034	1	962,2	
58505	18,52	2,06	800	1	97	54546,9000000034	1	963,2	
58506	18,52	2,06	800	1	97	54643,9000000034	1	964,2	
58507	18,52	2,06	800	1	97	54740,9000000033	1	965,2	
58508	18,52	2,06	800	1	97	54837,9000000033	1	966,2	
58509	18,52	2,07	800	1	97	54934,9000000033	1	967,2	
58510	18,52	2,07	800	1	97	55031,9000000033	1	968,2	
58511	18,52	2,07	800	1	97	55128,9000000032	1	969,2	
58512	18,52	2,07	800	1	97	55225,9000000032	1	970,2	
58513	18,52	2,07	800	1	97	55322,9000000032	1	971,2	
58514	18,52	2,07	800	1	97	55419,9000000031	1	972,2	
58515	18,52	2,07	800	1	97	55516,9000000031	1	973,2	
58516	18,51	2,07	800	1	97	55613,9000000031	1	974,2	
58517	18,51	2,07	800	1	97	55710,9000000031	1	975,2	
58518	18,51	2,08	800	1	97	55807,900000003	1	976,2	
58519	18,51	2,08	800	1	97	55904,900000003	1	977,2	
58520	18,51	2,08	800	1	97	56001,900000003	1	978,2	
58521	18,51	2,08	800	1	97	56098,9000000029	1	979,2	
58522	18,5	2,08	800	1	97	56195,9000000029	1	980,2	
58523	18,5	2,08	800	1	97	56292,9000000029	1	981,2	
58524	18,5	2,09	800	1	97	56389,9000000029	1	982,2	
58525	18,5	2,09	800	1	97	56486,9000000028	1	983,2	
58526	18,49	2,09	800	1	97	56583,9000000028	1	984,2	
58527	18,49	2,09	800	1	97	56680,9000000028	1	985,2	
58528	18,48	2,1	800	1	97	56777,9000000027	1	986,2	
58529	18,48	2,1	800	1	97	56874,9000000027	1	987,2	
58530	18,48	2,1	800	1	97	56971,9000000027	1	988,2	
58531	18,48	2,11	800	1	97	57068,9000000026	1	989,2	
58532	18,47	2,11	800	1	97	57165,9000000026	1	990,2	
58533	18,48	2,11	800	1	97	57262,9000000026	1	991,2	
58534	18,48	2,11	800	1	97	57359,9000000026	1	992,2	
58535	18,47	2,11	800	1	97	57456,9000000025	1	993,2	
58536	18,47	2,11	800	1	97	57553,9000000025	1	994,2	
58537	18,47	2,11	800	1	97	57650,9000000025	1	995,2	
58538	18,47	2,11	800	1	97	57747,9000000024	1	996,2	
58539	18,47	2,11	800	1	97	57844,9000000024	1	997,2	
58540	18,48	2,11	800	1	97	57941,9000000024	1	998,2	
58541	18,48	2,11	800	1	97	58038,9000000024	1	999,2	
58542	18,47	2,11	800	1	97	58135,9000000023	1	1000,2	
58543	18,47	2,11	800	1	97	58232,9000000023	1	1001,2	
58544	18,48	2,11	800	1	97	58329,9000000023	1	1002,2	
58545	18,48	2,11	800	1	97	58426,9000000022	1	1003,2	
58546	18,49	2,1	800	1	97	58523,9000000022	1	1004,2	
58547	18,49	2,1	800	1	97	58620,9000000022	1	1005,2	
58548	18,49	2,1	800	1	97	58717,9000000022	1	1006,2	
58549	18,49	2,1	800	1	97	58814,9000000021	1	1007,2	
58550	18,49	2,1	800	1	97	58911,9000000021	1	1008,2	
58551	18,49	2,1	800	1	97	59008,9000000021	1	1009,2	
58552	18,48	2,1	800	1	97	59105,900000002	1	1010,2	
58553	18,48	2,1	810	1	97	59202,900000002	1	1011,2	
58554	18,47	2,1	810	1	97	59299,900000002	1	1012,2	
58555	18,47	2,11	810	1	97	59396,900000002	1	1013,2	
58556	18,46	2,12	810	1	97	59493,9000000019	1	1014,2	
58557	18,46	2,12	810	1	97	59590,9000000019	1	1015,2	
58558	18,46	2,12	810	1	97	59687,9000000019	1	1016,2	
58559	18,46	2,13	810	1	97	59784,9000000018	1	1017,2	
58560	18,45	2,13	810	1	97	59881,9000000018	1	1018,2	
<END DATA>
